type,n,f,p,algo,ns_per_elem,ns_per_suffix_elem
pair64f,65536,0.10,0.10,scan_swap,0.6945,0.7716
pair64f,65536,0.10,0.10,gap_off,0.7248,0.8054
pair64f,65536,0.10,0.10,part_swap,0.3958,0.4398
pair64f,65536,0.10,0.10,fused_block,0.3671,0.4079
pair64f,65536,0.10,0.10,prefix_fill,0.3504,0.3893
pair64f,65536,0.10,0.10,whole,0.3853,0.4281
pair64f,65536,0.10,0.10,sized_off,0.3592,0.3991
pair64f,65536,0.10,0.50,scan_swap,2.1082,2.3425
pair64f,65536,0.10,0.50,gap_off,0.6414,0.7126
pair64f,65536,0.10,0.50,part_swap,0.5039,0.5598
pair64f,65536,0.10,0.50,fused_block,0.6358,0.7065
pair64f,65536,0.10,0.50,prefix_fill,0.5065,0.5627
pair64f,65536,0.10,0.50,whole,0.5155,0.5727
pair64f,65536,0.10,0.50,sized_off,0.4759,0.5288
pair64f,65536,0.10,0.90,scan_swap,0.7434,0.8260
pair64f,65536,0.10,0.90,gap_off,0.6418,0.7131
pair64f,65536,0.10,0.90,part_swap,0.4019,0.4466
pair64f,65536,0.10,0.90,fused_block,0.4118,0.4576
pair64f,65536,0.10,0.90,prefix_fill,0.3989,0.4432
pair64f,65536,0.10,0.90,whole,0.4703,0.5225
pair64f,65536,0.10,0.90,sized_off,0.3964,0.4405
pair64f,65536,0.50,0.10,scan_swap,0.3636,0.7273
pair64f,65536,0.50,0.10,gap_off,0.3520,0.7040
pair64f,65536,0.50,0.10,part_swap,0.2178,0.4355
pair64f,65536,0.50,0.10,fused_block,0.4410,0.8820
pair64f,65536,0.50,0.10,prefix_fill,0.2060,0.4120
pair64f,65536,0.50,0.10,whole,0.3598,0.7196
pair64f,65536,0.50,0.10,sized_off,0.1930,0.3861
pair64f,65536,0.50,0.50,scan_swap,1.0450,2.0899
pair64f,65536,0.50,0.50,gap_off,0.3526,0.7053
pair64f,65536,0.50,0.50,part_swap,0.3662,0.7325
pair64f,65536,0.50,0.50,fused_block,0.4209,0.8417
pair64f,65536,0.50,0.50,prefix_fill,0.2985,0.5970
pair64f,65536,0.50,0.50,whole,0.4883,0.9766
pair64f,65536,0.50,0.50,sized_off,0.3966,0.7932
pair64f,65536,0.50,0.90,scan_swap,0.3833,0.7666
pair64f,65536,0.50,0.90,gap_off,0.3502,0.7004
pair64f,65536,0.50,0.90,part_swap,0.4051,0.8103
pair64f,65536,0.50,0.90,fused_block,0.4704,0.9409
pair64f,65536,0.50,0.90,prefix_fill,0.3903,0.7807
pair64f,65536,0.50,0.90,whole,0.5963,1.1927
pair64f,65536,0.50,0.90,sized_off,0.3897,0.7794
pair64f,65536,0.90,0.10,scan_swap,0.0522,0.5218
pair64f,65536,0.90,0.10,gap_off,0.0723,0.7232
pair64f,65536,0.90,0.10,part_swap,0.0433,0.4333
pair64f,65536,0.90,0.10,fused_block,0.3403,3.4027
pair64f,65536,0.90,0.10,prefix_fill,0.0375,0.3753
pair64f,65536,0.90,0.10,whole,0.3441,3.4408
pair64f,65536,0.90,0.10,sized_off,0.0375,0.3753
pair64f,65536,0.90,0.50,scan_swap,0.0633,0.6332
pair64f,65536,0.90,0.50,gap_off,0.0717,0.7171
pair64f,65536,0.90,0.50,part_swap,0.0754,0.7539
pair64f,65536,0.90,0.50,fused_block,0.3482,3.4818
pair64f,65536,0.90,0.50,prefix_fill,0.0629,0.6286
pair64f,65536,0.90,0.50,whole,0.3635,3.6344
pair64f,65536,0.90,0.50,sized_off,0.0600,0.5996
pair64f,65536,0.90,0.90,scan_swap,0.0495,0.4945
pair64f,65536,0.90,0.90,gap_off,0.0697,0.6974
pair64f,65536,0.90,0.90,part_swap,0.0824,0.8239
pair64f,65536,0.90,0.90,fused_block,0.3667,3.6666
pair64f,65536,0.90,0.90,prefix_fill,0.0786,0.7858
pair64f,65536,0.90,0.90,whole,0.3922,3.9214
pair64f,65536,0.90,0.90,sized_off,0.0787,0.7873
pair64f,1048576,0.10,0.10,scan_swap,0.7672,0.8525
pair64f,1048576,0.10,0.10,gap_off,0.6604,0.7338
pair64f,1048576,0.10,0.10,part_swap,0.4531,0.5035
pair64f,1048576,0.10,0.10,fused_block,0.4168,0.4631
pair64f,1048576,0.10,0.10,prefix_fill,0.3946,0.4384
pair64f,1048576,0.10,0.10,whole,0.4352,0.4835
pair64f,1048576,0.10,0.10,sized_off,0.4620,0.5133
pair64f,1048576,0.10,0.50,scan_swap,2.4304,2.7004
pair64f,1048576,0.10,0.50,gap_off,0.6558,0.7287
pair64f,1048576,0.10,0.50,part_swap,0.5480,0.6089
pair64f,1048576,0.10,0.50,fused_block,0.5306,0.5895
pair64f,1048576,0.10,0.50,prefix_fill,0.5212,0.5791
pair64f,1048576,0.10,0.50,whole,0.5521,0.6134
pair64f,1048576,0.10,0.50,sized_off,0.5022,0.5580
pair64f,1048576,0.10,0.90,scan_swap,0.8490,0.9434
pair64f,1048576,0.10,0.90,gap_off,0.6522,0.7247
pair64f,1048576,0.10,0.90,part_swap,0.4564,0.5071
pair64f,1048576,0.10,0.90,fused_block,0.4699,0.5221
pair64f,1048576,0.10,0.90,prefix_fill,0.4916,0.5463
pair64f,1048576,0.10,0.90,whole,0.5020,0.5578
pair64f,1048576,0.10,0.90,sized_off,0.4611,0.5123
pair64f,1048576,0.50,0.10,scan_swap,0.4236,0.8471
pair64f,1048576,0.50,0.10,gap_off,0.3568,0.7137
pair64f,1048576,0.50,0.10,part_swap,0.2351,0.4703
pair64f,1048576,0.50,0.10,fused_block,0.4211,0.8423
pair64f,1048576,0.50,0.10,prefix_fill,0.2083,0.4166
pair64f,1048576,0.50,0.10,whole,0.4130,0.8260
pair64f,1048576,0.50,0.10,sized_off,0.2258,0.4515
pair64f,1048576,0.50,0.50,scan_swap,1.3532,2.7063
pair64f,1048576,0.50,0.50,gap_off,0.3617,0.7234
pair64f,1048576,0.50,0.50,part_swap,0.4083,0.8166
pair64f,1048576,0.50,0.50,fused_block,0.4550,0.9101
pair64f,1048576,0.50,0.50,prefix_fill,0.3162,0.6324
pair64f,1048576,0.50,0.50,whole,0.5408,1.0817
pair64f,1048576,0.50,0.50,sized_off,0.3148,0.6297
pair64f,1048576,0.50,0.90,scan_swap,0.4705,0.9410
pair64f,1048576,0.50,0.90,gap_off,0.3671,0.7341
pair64f,1048576,0.50,0.90,part_swap,0.4483,0.8965
pair64f,1048576,0.50,0.90,fused_block,0.5104,1.0209
pair64f,1048576,0.50,0.90,prefix_fill,0.4264,0.8528
pair64f,1048576,0.50,0.90,whole,0.6413,1.2825
pair64f,1048576,0.50,0.90,sized_off,0.4333,0.8667
pair64f,1048576,0.90,0.10,scan_swap,0.0829,0.8290
pair64f,1048576,0.90,0.10,gap_off,0.0721,0.7206
pair64f,1048576,0.90,0.10,part_swap,0.0468,0.4680
pair64f,1048576,0.90,0.10,fused_block,0.3792,3.7917
pair64f,1048576,0.90,0.10,prefix_fill,0.0409,0.4089
pair64f,1048576,0.90,0.10,whole,0.3785,3.7848
pair64f,1048576,0.90,0.10,sized_off,0.0404,0.4042
pair64f,1048576,0.90,0.50,scan_swap,0.2545,2.5449
pair64f,1048576,0.90,0.50,gap_off,0.0724,0.7242
pair64f,1048576,0.90,0.50,part_swap,0.0782,0.7818
pair64f,1048576,0.90,0.50,fused_block,0.3910,3.9101
pair64f,1048576,0.90,0.50,prefix_fill,0.0662,0.6619
pair64f,1048576,0.90,0.50,whole,0.4023,4.0227
pair64f,1048576,0.90,0.50,sized_off,0.0621,0.6208
pair64f,1048576,0.90,0.90,scan_swap,0.0911,0.9108
pair64f,1048576,0.90,0.90,gap_off,0.0734,0.7336
pair64f,1048576,0.90,0.90,part_swap,0.0833,0.8334
pair64f,1048576,0.90,0.90,fused_block,0.4003,4.0033
pair64f,1048576,0.90,0.90,prefix_fill,0.0829,0.8290
pair64f,1048576,0.90,0.90,whole,0.4491,4.4909
pair64f,1048576,0.90,0.90,sized_off,0.0806,0.8058
pair64f,4194304,0.10,0.10,scan_swap,0.9117,1.0130
pair64f,4194304,0.10,0.10,gap_off,1.0139,1.1265
pair64f,4194304,0.10,0.10,part_swap,0.9089,1.0099
pair64f,4194304,0.10,0.10,fused_block,0.8245,0.9161
pair64f,4194304,0.10,0.10,prefix_fill,0.8017,0.8908
pair64f,4194304,0.10,0.10,whole,0.8744,0.9716
pair64f,4194304,0.10,0.10,sized_off,0.7977,0.8864
pair64f,4194304,0.10,0.50,scan_swap,2.4729,2.7476
pair64f,4194304,0.10,0.50,gap_off,1.2516,1.3907
pair64f,4194304,0.10,0.50,part_swap,1.0424,1.1582
pair64f,4194304,0.10,0.50,fused_block,0.9472,1.0524
pair64f,4194304,0.10,0.50,prefix_fill,0.9511,1.0567
pair64f,4194304,0.10,0.50,whole,0.9722,1.0802
pair64f,4194304,0.10,0.50,sized_off,0.9694,1.0772
pair64f,4194304,0.10,0.90,scan_swap,1.2153,1.3503
pair64f,4194304,0.10,0.90,gap_off,1.2079,1.3421
pair64f,4194304,0.10,0.90,part_swap,0.8991,0.9990
pair64f,4194304,0.10,0.90,fused_block,0.8848,0.9831
pair64f,4194304,0.10,0.90,prefix_fill,0.8570,0.9522
pair64f,4194304,0.10,0.90,whole,0.9003,1.0003
pair64f,4194304,0.10,0.90,sized_off,0.8550,0.9499
pair64f,4194304,0.50,0.10,scan_swap,0.5034,1.0068
pair64f,4194304,0.50,0.10,gap_off,0.5616,1.1232
pair64f,4194304,0.50,0.10,part_swap,0.5012,1.0024
pair64f,4194304,0.50,0.10,fused_block,0.7629,1.5259
pair64f,4194304,0.50,0.10,prefix_fill,0.4435,0.8870
pair64f,4194304,0.50,0.10,whole,0.7880,1.5759
pair64f,4194304,0.50,0.10,sized_off,0.4436,0.8872
pair64f,4194304,0.50,0.50,scan_swap,1.3705,2.7411
pair64f,4194304,0.50,0.50,gap_off,0.7194,1.4389
pair64f,4194304,0.50,0.50,part_swap,0.8972,1.7944
pair64f,4194304,0.50,0.50,fused_block,0.8842,1.7684
pair64f,4194304,0.50,0.50,prefix_fill,0.6859,1.3718
pair64f,4194304,0.50,0.50,whole,0.9265,1.8531
pair64f,4194304,0.50,0.50,sized_off,0.6872,1.3743
pair64f,4194304,0.50,0.90,scan_swap,0.8808,1.7616
pair64f,4194304,0.50,0.90,gap_off,0.8740,1.7479
pair64f,4194304,0.50,0.90,part_swap,1.2250,2.4500
pair64f,4194304,0.50,0.90,fused_block,0.9544,1.9087
pair64f,4194304,0.50,0.90,prefix_fill,0.8951,1.7901
pair64f,4194304,0.50,0.90,whole,1.0227,2.0453
pair64f,4194304,0.50,0.90,sized_off,1.0155,2.0311
pair64f,4194304,0.90,0.10,scan_swap,0.0977,0.9769
pair64f,4194304,0.90,0.10,gap_off,0.1026,1.0256
pair64f,4194304,0.90,0.10,part_swap,0.0944,0.9441
pair64f,4194304,0.90,0.10,fused_block,0.7060,7.0595
pair64f,4194304,0.90,0.10,prefix_fill,0.0836,0.8357
pair64f,4194304,0.90,0.10,whole,0.7027,7.0270
pair64f,4194304,0.90,0.10,sized_off,0.0835,0.8352
pair64f,4194304,0.90,0.50,scan_swap,0.2672,2.6720
pair64f,4194304,0.90,0.50,gap_off,0.1280,1.2800
pair64f,4194304,0.90,0.50,part_swap,0.1651,1.6506
pair64f,4194304,0.90,0.50,fused_block,0.7296,7.2962
pair64f,4194304,0.90,0.50,prefix_fill,0.1249,1.2487
pair64f,4194304,0.90,0.50,whole,0.7346,7.3457
pair64f,4194304,0.90,0.50,sized_off,0.1261,1.2611
pair64f,4194304,0.90,0.90,scan_swap,0.1609,1.6092
pair64f,4194304,0.90,0.90,gap_off,0.1591,1.5906
pair64f,4194304,0.90,0.90,part_swap,0.2128,2.1277
pair64f,4194304,0.90,0.90,fused_block,0.7398,7.3979
pair64f,4194304,0.90,0.90,prefix_fill,0.1661,1.6610
pair64f,4194304,0.90,0.90,whole,0.7554,7.5544
pair64f,4194304,0.90,0.90,sized_off,0.1663,1.6629
i64,65536,0.10,0.10,scan_swap,0.6844,0.7604
i64,65536,0.10,0.10,gap_off,0.4540,0.5044
i64,65536,0.10,0.10,part_swap,0.3540,0.3934
i64,65536,0.10,0.10,fused_block,0.3494,0.3883
i64,65536,0.10,0.10,prefix_fill,0.3290,0.3655
i64,65536,0.10,0.10,whole,0.3736,0.4151
i64,65536,0.10,0.10,sized_off,0.3276,0.3640
i64,65536,0.10,0.50,scan_swap,2.0267,2.2519
i64,65536,0.10,0.50,gap_off,0.4244,0.4715
i64,65536,0.10,0.50,part_swap,0.4450,0.4944
i64,65536,0.10,0.50,fused_block,0.4616,0.5129
i64,65536,0.10,0.50,prefix_fill,0.4451,0.4946
i64,65536,0.10,0.50,whole,0.4857,0.5397
i64,65536,0.10,0.50,sized_off,0.4411,0.4902
i64,65536,0.10,0.90,scan_swap,0.6593,0.7326
i64,65536,0.10,0.90,gap_off,0.4202,0.4669
i64,65536,0.10,0.90,part_swap,0.3490,0.3878
i64,65536,0.10,0.90,fused_block,0.3943,0.4381
i64,65536,0.10,0.90,prefix_fill,0.3757,0.4174
i64,65536,0.10,0.90,whole,0.4216,0.4685
i64,65536,0.10,0.90,sized_off,0.3795,0.4217
i64,65536,0.50,0.10,scan_swap,0.3481,0.6961
i64,65536,0.50,0.10,gap_off,0.2542,0.5085
i64,65536,0.50,0.10,part_swap,0.1924,0.3848
i64,65536,0.50,0.10,fused_block,0.3327,0.6653
i64,65536,0.50,0.10,prefix_fill,0.1813,0.3626
i64,65536,0.50,0.10,whole,0.3453,0.6906
i64,65536,0.50,0.10,sized_off,0.2654,0.5307
i64,65536,0.50,0.50,scan_swap,1.0076,2.0151
i64,65536,0.50,0.50,gap_off,0.2356,0.4712
i64,65536,0.50,0.50,part_swap,0.2641,0.5283
i64,65536,0.50,0.50,fused_block,0.3917,0.7834
i64,65536,0.50,0.50,prefix_fill,0.2832,0.5664
i64,65536,0.50,0.50,whole,0.4596,0.9192
i64,65536,0.50,0.50,sized_off,0.2529,0.5057
i64,65536,0.50,0.90,scan_swap,0.3322,0.6644
i64,65536,0.50,0.90,gap_off,0.2341,0.4681
i64,65536,0.50,0.90,part_swap,0.2448,0.4895
i64,65536,0.50,0.90,fused_block,0.4485,0.8969
i64,65536,0.50,0.90,prefix_fill,0.3681,0.7361
i64,65536,0.50,0.90,whole,0.5771,1.1542
i64,65536,0.50,0.90,sized_off,0.2464,0.4929
i64,65536,0.90,0.10,scan_swap,0.0510,0.5096
i64,65536,0.90,0.10,gap_off,0.0508,0.5081
i64,65536,0.90,0.10,part_swap,0.0385,0.3845
i64,65536,0.90,0.10,fused_block,0.3160,3.1601
i64,65536,0.90,0.10,prefix_fill,0.0356,0.3557
i64,65536,0.90,0.10,whole,0.3188,3.1875
i64,65536,0.90,0.10,sized_off,0.0523,0.5233
i64,65536,0.90,0.50,scan_swap,0.0629,0.6286
i64,65536,0.90,0.50,gap_off,0.0471,0.4715
i64,65536,0.90,0.50,part_swap,0.0540,0.5401
i64,65536,0.90,0.50,fused_block,0.3240,3.2394
i64,65536,0.90,0.50,prefix_fill,0.0563,0.5630
i64,65536,0.90,0.50,whole,0.3414,3.4133
i64,65536,0.90,0.50,sized_off,0.0505,0.5050
i64,65536,0.90,0.90,scan_swap,0.0424,0.4242
i64,65536,0.90,0.90,gap_off,0.0467,0.4669
i64,65536,0.90,0.90,part_swap,0.0534,0.5340
i64,65536,0.90,0.90,fused_block,0.3331,3.3309
i64,65536,0.90,0.90,prefix_fill,0.0723,0.7232
i64,65536,0.90,0.90,whole,0.3616,3.6163
i64,65536,0.90,0.90,sized_off,0.0500,0.5005
i64,1048576,0.10,0.10,scan_swap,0.7462,0.8292
i64,1048576,0.10,0.10,gap_off,0.4618,0.5131
i64,1048576,0.10,0.10,part_swap,0.3798,0.4220
i64,1048576,0.10,0.10,fused_block,0.3783,0.4203
i64,1048576,0.10,0.10,prefix_fill,0.3474,0.3860
i64,1048576,0.10,0.10,whole,0.4016,0.4463
i64,1048576,0.10,0.10,sized_off,0.3450,0.3834
i64,1048576,0.10,0.50,scan_swap,2.3332,2.5924
i64,1048576,0.10,0.50,gap_off,0.4336,0.4818
i64,1048576,0.10,0.50,part_swap,0.4570,0.5078
i64,1048576,0.10,0.50,fused_block,0.4770,0.5300
i64,1048576,0.10,0.50,prefix_fill,0.4549,0.5054
i64,1048576,0.10,0.50,whole,0.4996,0.5552
i64,1048576,0.10,0.50,sized_off,0.4530,0.5033
i64,1048576,0.10,0.90,scan_swap,0.7325,0.8139
i64,1048576,0.10,0.90,gap_off,0.4247,0.4719
i64,1048576,0.10,0.90,part_swap,0.3793,0.4214
i64,1048576,0.10,0.90,fused_block,0.4170,0.4633
i64,1048576,0.10,0.90,prefix_fill,0.3978,0.4421
i64,1048576,0.10,0.90,whole,0.4442,0.4936
i64,1048576,0.10,0.90,sized_off,0.3997,0.4441
i64,1048576,0.50,0.10,scan_swap,0.4146,0.8293
i64,1048576,0.50,0.10,gap_off,0.2545,0.5090
i64,1048576,0.50,0.10,part_swap,0.2068,0.4137
i64,1048576,0.50,0.10,fused_block,0.3507,0.7015
i64,1048576,0.50,0.10,prefix_fill,0.1922,0.3845
i64,1048576,0.50,0.10,whole,0.3635,0.7271
i64,1048576,0.50,0.10,sized_off,0.2669,0.5338
i64,1048576,0.50,0.50,scan_swap,1.2939,2.5878
i64,1048576,0.50,0.50,gap_off,0.2389,0.4778
i64,1048576,0.50,0.50,part_swap,0.2733,0.5466
i64,1048576,0.50,0.50,fused_block,0.4027,0.8054
i64,1048576,0.50,0.50,prefix_fill,0.2876,0.5752
i64,1048576,0.50,0.50,whole,0.4724,0.9448
i64,1048576,0.50,0.50,sized_off,0.2529,0.5057
i64,1048576,0.50,0.90,scan_swap,0.4021,0.8041
i64,1048576,0.50,0.90,gap_off,0.2368,0.4737
i64,1048576,0.50,0.90,part_swap,0.2586,0.5172
i64,1048576,0.50,0.90,fused_block,0.4557,0.9114
i64,1048576,0.50,0.90,prefix_fill,0.3708,0.7416
i64,1048576,0.50,0.90,whole,0.5867,1.1733
i64,1048576,0.50,0.90,sized_off,0.2459,0.4919
i64,1048576,0.90,0.10,scan_swap,0.0796,0.7961
i64,1048576,0.90,0.10,gap_off,0.0508,0.5079
i64,1048576,0.90,0.10,part_swap,0.0395,0.3946
i64,1048576,0.90,0.10,fused_block,0.3240,3.2395
i64,1048576,0.90,0.10,prefix_fill,0.0369,0.3687
i64,1048576,0.90,0.10,whole,0.3246,3.2462
i64,1048576,0.90,0.10,sized_off,0.0531,0.5310
i64,1048576,0.90,0.50,scan_swap,0.2428,2.4281
i64,1048576,0.90,0.50,gap_off,0.0473,0.4733
i64,1048576,0.90,0.50,part_swap,0.0560,0.5605
i64,1048576,0.90,0.50,fused_block,0.3315,3.3153
i64,1048576,0.90,0.50,prefix_fill,0.0570,0.5704
i64,1048576,0.90,0.50,whole,0.3472,3.4717
i64,1048576,0.90,0.50,sized_off,0.0504,0.5037
i64,1048576,0.90,0.90,scan_swap,0.0776,0.7760
i64,1048576,0.90,0.90,gap_off,0.0471,0.4711
i64,1048576,0.90,0.90,part_swap,0.0547,0.5473
i64,1048576,0.90,0.90,fused_block,0.3453,3.4529
i64,1048576,0.90,0.90,prefix_fill,0.0734,0.7343
i64,1048576,0.90,0.90,whole,0.3718,3.7182
i64,1048576,0.90,0.90,sized_off,0.0495,0.4955
i64,4194304,0.10,0.10,scan_swap,0.7683,0.8536
i64,4194304,0.10,0.10,gap_off,0.5531,0.6145
i64,4194304,0.10,0.10,part_swap,0.5322,0.5913
i64,4194304,0.10,0.10,fused_block,0.4997,0.5553
i64,4194304,0.10,0.10,prefix_fill,0.4603,0.5115
i64,4194304,0.10,0.10,whole,0.5215,0.5794
i64,4194304,0.10,0.10,sized_off,0.4610,0.5122
i64,4194304,0.10,0.50,scan_swap,2.3345,2.5939
i64,4194304,0.10,0.50,gap_off,0.6221,0.6913
i64,4194304,0.10,0.50,part_swap,0.5568,0.6186
i64,4194304,0.10,0.50,fused_block,0.5187,0.5763
i64,4194304,0.10,0.50,prefix_fill,0.5106,0.5674
i64,4194304,0.10,0.50,whole,0.5368,0.5964
i64,4194304,0.10,0.50,sized_off,0.5097,0.5663
i64,4194304,0.10,0.90,scan_swap,0.7842,0.8713
i64,4194304,0.10,0.90,gap_off,0.5659,0.6288
i64,4194304,0.10,0.90,part_swap,0.5023,0.5581
i64,4194304,0.10,0.90,fused_block,0.4959,0.5510
i64,4194304,0.10,0.90,prefix_fill,0.4901,0.5446
i64,4194304,0.10,0.90,whole,0.5201,0.5779
i64,4194304,0.10,0.90,sized_off,0.4886,0.5429
i64,4194304,0.50,0.10,scan_swap,0.4260,0.8519
i64,4194304,0.50,0.10,gap_off,0.3045,0.6089
i64,4194304,0.50,0.10,part_swap,0.2638,0.5276
i64,4194304,0.50,0.10,fused_block,0.4453,0.8906
i64,4194304,0.50,0.10,prefix_fill,0.2285,0.4571
i64,4194304,0.50,0.10,whole,0.4663,0.9327
i64,4194304,0.50,0.10,sized_off,0.3045,0.6091
i64,4194304,0.50,0.50,scan_swap,1.2928,2.5855
i64,4194304,0.50,0.50,gap_off,0.3593,0.7187
i64,4194304,0.50,0.50,part_swap,0.3802,0.7605
i64,4194304,0.50,0.50,fused_block,0.4895,0.9790
i64,4194304,0.50,0.50,prefix_fill,0.3679,0.7357
i64,4194304,0.50,0.50,whole,0.5324,1.0648
i64,4194304,0.50,0.50,sized_off,0.3612,0.7223
i64,4194304,0.50,0.90,scan_swap,0.4673,0.9347
i64,4194304,0.50,0.90,gap_off,0.4340,0.8680
i64,4194304,0.50,0.90,part_swap,0.5248,1.0497
i64,4194304,0.50,0.90,fused_block,0.5125,1.0251
i64,4194304,0.50,0.90,prefix_fill,0.4612,0.9224
i64,4194304,0.50,0.90,whole,0.6167,1.2333
i64,4194304,0.50,0.90,sized_off,0.4332,0.8664
i64,4194304,0.90,0.10,scan_swap,0.0835,0.8355
i64,4194304,0.90,0.10,gap_off,0.0539,0.5392
i64,4194304,0.90,0.10,part_swap,0.0486,0.4864
i64,4194304,0.90,0.10,fused_block,0.4205,4.2051
i64,4194304,0.90,0.10,prefix_fill,0.0451,0.4507
i64,4194304,0.90,0.10,whole,0.4231,4.2314
i64,4194304,0.90,0.10,sized_off,0.0562,0.5615
i64,4194304,0.90,0.50,scan_swap,0.2577,2.5774
i64,4194304,0.90,0.50,gap_off,0.0537,0.5374
i64,4194304,0.90,0.50,part_swap,0.0677,0.6768
i64,4194304,0.90,0.50,fused_block,0.4328,4.3284
i64,4194304,0.90,0.50,prefix_fill,0.0616,0.6157
i64,4194304,0.90,0.50,whole,0.4423,4.4227
i64,4194304,0.90,0.50,sized_off,0.0551,0.5508
i64,4194304,0.90,0.90,scan_swap,0.0832,0.8323
i64,4194304,0.90,0.90,gap_off,0.0577,0.5771
i64,4194304,0.90,0.90,part_swap,0.0764,0.7645
i64,4194304,0.90,0.90,fused_block,0.4351,4.3514
i64,4194304,0.90,0.90,prefix_fill,0.0783,0.7834
i64,4194304,0.90,0.90,whole,0.4573,4.5733
i64,4194304,0.90,0.90,sized_off,0.0590,0.5902
pair64,65536,0.10,0.10,scan_swap,0.7671,0.8523
pair64,65536,0.10,0.10,gap_off,0.6947,0.7719
pair64,65536,0.10,0.10,part_swap,0.6874,0.7638
pair64,65536,0.10,0.10,fused_block,0.6825,0.7584
pair64,65536,0.10,0.10,prefix_fill,0.6485,0.7206
pair64,65536,0.10,0.10,whole,0.7172,0.7969
pair64,65536,0.10,0.10,sized_off,0.6519,0.7243
pair64,65536,0.10,0.50,scan_swap,2.3974,2.6638
pair64,65536,0.10,0.50,gap_off,0.7062,0.7846
pair64,65536,0.10,0.50,part_swap,0.7859,0.8732
pair64,65536,0.10,0.50,fused_block,0.7781,0.8645
pair64,65536,0.10,0.50,prefix_fill,0.7532,0.8369
pair64,65536,0.10,0.50,whole,0.8194,0.9105
pair64,65536,0.10,0.50,sized_off,0.7543,0.8381
pair64,65536,0.10,0.90,scan_swap,0.8660,0.9622
pair64,65536,0.10,0.90,gap_off,0.6966,0.7740
pair64,65536,0.10,0.90,part_swap,0.7128,0.7920
pair64,65536,0.10,0.90,fused_block,0.7196,0.7996
pair64,65536,0.10,0.90,prefix_fill,0.7082,0.7869
pair64,65536,0.10,0.90,whole,0.7735,0.8594
pair64,65536,0.10,0.90,sized_off,0.7099,0.7887
pair64,65536,0.50,0.10,scan_swap,0.3989,0.7978
pair64,65536,0.50,0.10,gap_off,0.3976,0.7953
pair64,65536,0.50,0.10,part_swap,0.3822,0.7645
pair64,65536,0.50,0.10,fused_block,0.6720,1.3441
pair64,65536,0.50,0.10,prefix_fill,0.3574,0.7148
pair64,65536,0.50,0.10,whole,0.6767,1.3535
pair64,65536,0.50,0.10,sized_off,0.3569,0.7138
pair64,65536,0.50,0.50,scan_swap,1.2830,2.5660
pair64,65536,0.50,0.50,gap_off,0.3847,0.7694
pair64,65536,0.50,0.50,part_swap,0.5255,1.0511
pair64,65536,0.50,0.50,fused_block,0.6580,1.3159
pair64,65536,0.50,0.50,prefix_fill,0.4567,0.9134
pair64,65536,0.50,0.50,whole,0.7920,1.5839
pair64,65536,0.50,0.50,sized_off,0.4584,0.9168
pair64,65536,0.50,0.90,scan_swap,0.4637,0.9275
pair64,65536,0.50,0.90,gap_off,0.3810,0.7621
pair64,65536,0.50,0.90,part_swap,0.5827,1.1655
pair64,65536,0.50,0.90,fused_block,0.6532,1.3065
pair64,65536,0.50,0.90,prefix_fill,0.5486,1.0971
pair64,65536,0.50,0.90,whole,0.9108,1.8217
pair64,65536,0.50,0.90,sized_off,0.5461,1.0923
pair64,65536,0.90,0.10,scan_swap,0.0629,0.6286
pair64,65536,0.90,0.10,gap_off,0.0900,0.9004
pair64,65536,0.90,0.10,part_swap,0.0729,0.7293
pair64,65536,0.90,0.10,fused_block,0.6600,6.5993
pair64,65536,0.90,0.10,prefix_fill,0.0693,0.6927
pair64,65536,0.90,0.10,whole,0.6427,6.4269
pair64,65536,0.90,0.10,sized_off,0.0693,0.6927
pair64,65536,0.90,0.50,scan_swap,0.0810,0.8103
pair64,65536,0.90,0.50,gap_off,0.0958,0.9582
pair64,65536,0.90,0.50,part_swap,0.1022,1.0223
pair64,65536,0.90,0.50,fused_block,0.6581,6.5809
pair64,65536,0.90,0.50,prefix_fill,0.0893,0.8926
pair64,65536,0.90,0.50,whole,0.6664,6.6633
pair64,65536,0.90,0.50,sized_off,0.0897,0.8972
pair64,65536,0.90,0.90,scan_swap,0.0845,0.8453
pair64,65536,0.90,0.90,gap_off,0.0755,0.7553
pair64,65536,0.90,0.90,part_swap,0.1141,1.1413
pair64,65536,0.90,0.90,fused_block,0.6546,6.5458
pair64,65536,0.90,0.90,prefix_fill,0.1059,1.0589
pair64,65536,0.90,0.90,whole,0.6902,6.9014
pair64,65536,0.90,0.90,sized_off,0.1077,1.0772
pair64,1048576,0.10,0.10,scan_swap,0.8076,0.8973
pair64,1048576,0.10,0.10,gap_off,0.6914,0.7683
pair64,1048576,0.10,0.10,part_swap,0.7015,0.7794
pair64,1048576,0.10,0.10,fused_block,0.6950,0.7722
pair64,1048576,0.10,0.10,prefix_fill,0.6609,0.7343
pair64,1048576,0.10,0.10,whole,0.7277,0.8086
pair64,1048576,0.10,0.10,sized_off,0.6602,0.7335
pair64,1048576,0.10,0.50,scan_swap,2.4969,2.7743
pair64,1048576,0.10,0.50,gap_off,0.6916,0.7684
pair64,1048576,0.10,0.50,part_swap,0.7969,0.8855
pair64,1048576,0.10,0.50,fused_block,0.7938,0.8820
pair64,1048576,0.10,0.50,prefix_fill,0.7593,0.8437
pair64,1048576,0.10,0.50,whole,0.8426,0.9362
pair64,1048576,0.10,0.50,sized_off,0.7575,0.8416
pair64,1048576,0.10,0.90,scan_swap,0.9183,1.0204
pair64,1048576,0.10,0.90,gap_off,0.6896,0.7662
pair64,1048576,0.10,0.90,part_swap,0.7340,0.8156
pair64,1048576,0.10,0.90,fused_block,0.7298,0.8109
pair64,1048576,0.10,0.90,prefix_fill,0.7122,0.7913
pair64,1048576,0.10,0.90,whole,0.7902,0.8780
pair64,1048576,0.10,0.90,sized_off,0.7169,0.7966
pair64,1048576,0.50,0.10,scan_swap,0.4477,0.8954
pair64,1048576,0.50,0.10,gap_off,0.3785,0.7570
pair64,1048576,0.50,0.10,part_swap,0.3870,0.7739
pair64,1048576,0.50,0.10,fused_block,0.6818,1.3636
pair64,1048576,0.50,0.10,prefix_fill,0.3625,0.7249
pair64,1048576,0.50,0.10,whole,0.6962,1.3924
pair64,1048576,0.50,0.10,sized_off,0.3625,0.7251
pair64,1048576,0.50,0.50,scan_swap,1.3862,2.7724
pair64,1048576,0.50,0.50,gap_off,0.3811,0.7622
pair64,1048576,0.50,0.50,part_swap,0.5324,1.0648
pair64,1048576,0.50,0.50,fused_block,0.6752,1.3504
pair64,1048576,0.50,0.50,prefix_fill,0.4557,0.9114
pair64,1048576,0.50,0.50,whole,0.8132,1.6264
pair64,1048576,0.50,0.50,sized_off,0.4606,0.9211
pair64,1048576,0.50,0.90,scan_swap,0.5092,1.0183
pair64,1048576,0.50,0.90,gap_off,0.3840,0.7681
pair64,1048576,0.50,0.90,part_swap,0.5976,1.1951
pair64,1048576,0.50,0.90,fused_block,0.6588,1.3175
pair64,1048576,0.50,0.90,prefix_fill,0.5520,1.1040
pair64,1048576,0.50,0.90,whole,0.9190,1.8381
pair64,1048576,0.50,0.90,sized_off,0.5488,1.0976
pair64,1048576,0.90,0.10,scan_swap,0.0857,0.8572
pair64,1048576,0.90,0.10,gap_off,0.0761,0.7614
pair64,1048576,0.90,0.10,part_swap,0.0769,0.7690
pair64,1048576,0.90,0.10,fused_block,0.6705,6.7049
pair64,1048576,0.90,0.10,prefix_fill,0.0720,0.7204
pair64,1048576,0.90,0.10,whole,0.6554,6.5541
pair64,1048576,0.90,0.10,sized_off,0.0720,0.7199
pair64,1048576,0.90,0.50,scan_swap,0.2715,2.7154
pair64,1048576,0.90,0.50,gap_off,0.0768,0.7683
pair64,1048576,0.90,0.50,part_swap,0.1044,1.0444
pair64,1048576,0.90,0.50,fused_block,0.6672,6.6716
pair64,1048576,0.90,0.50,prefix_fill,0.0907,0.9070
pair64,1048576,0.90,0.50,whole,0.6794,6.7936
pair64,1048576,0.90,0.50,sized_off,0.0908,0.9075
pair64,1048576,0.90,0.90,scan_swap,0.0986,0.9857
pair64,1048576,0.90,0.90,gap_off,0.0757,0.7569
pair64,1048576,0.90,0.90,part_swap,0.1166,1.1662
pair64,1048576,0.90,0.90,fused_block,0.6692,6.6918
pair64,1048576,0.90,0.90,prefix_fill,0.1082,1.0824
pair64,1048576,0.90,0.90,whole,0.6984,6.9838
pair64,1048576,0.90,0.90,sized_off,0.1083,1.0831
pair64,4194304,0.10,0.10,scan_swap,0.9363,1.0403
pair64,4194304,0.10,0.10,gap_off,1.0462,1.1624
pair64,4194304,0.10,0.10,part_swap,0.9789,1.0877
pair64,4194304,0.10,0.10,fused_block,0.8790,0.9767
pair64,4194304,0.10,0.10,prefix_fill,0.8580,0.9533
pair64,4194304,0.10,0.10,whole,0.9264,1.0293
pair64,4194304,0.10,0.10,sized_off,0.8578,0.9532
pair64,4194304,0.10,0.50,scan_swap,2.5140,2.7934
pair64,4194304,0.10,0.50,gap_off,1.1585,1.2873
pair64,4194304,0.10,0.50,part_swap,1.0497,1.1663
pair64,4194304,0.10,0.50,fused_block,0.9538,1.0598
pair64,4194304,0.10,0.50,prefix_fill,1.0377,1.1530
pair64,4194304,0.10,0.50,whole,0.9684,1.0760
pair64,4194304,0.10,0.50,sized_off,1.0380,1.1534
pair64,4194304,0.10,0.90,scan_swap,1.2705,1.4116
pair64,4194304,0.10,0.90,gap_off,1.2373,1.3748
pair64,4194304,0.10,0.90,part_swap,0.9854,1.0949
pair64,4194304,0.10,0.90,fused_block,0.9205,1.0228
pair64,4194304,0.10,0.90,prefix_fill,0.9254,1.0282
pair64,4194304,0.10,0.90,whole,0.9449,1.0499
pair64,4194304,0.10,0.90,sized_off,0.9251,1.0279
pair64,4194304,0.50,0.10,scan_swap,0.5157,1.0314
pair64,4194304,0.50,0.10,gap_off,0.5754,1.1509
pair64,4194304,0.50,0.10,part_swap,0.5398,1.0796
pair64,4194304,0.50,0.10,fused_block,0.8626,1.7252
pair64,4194304,0.50,0.10,prefix_fill,0.4697,0.9393
pair64,4194304,0.50,0.10,whole,0.8883,1.7766
pair64,4194304,0.50,0.10,sized_off,0.4695,0.9390
pair64,4194304,0.50,0.50,scan_swap,1.3963,2.7925
pair64,4194304,0.50,0.50,gap_off,0.7061,1.4122
pair64,4194304,0.50,0.50,part_swap,0.8853,1.7707
pair64,4194304,0.50,0.50,fused_block,0.9328,1.8655
pair64,4194304,0.50,0.50,prefix_fill,0.7099,1.4199
pair64,4194304,0.50,0.50,whole,1.0040,2.0079
pair64,4194304,0.50,0.50,sized_off,0.7048,1.4097
pair64,4194304,0.50,0.90,scan_swap,0.8704,1.7408
pair64,4194304,0.50,0.90,gap_off,0.8770,1.7541
pair64,4194304,0.50,0.90,part_swap,1.2693,2.5386
pair64,4194304,0.50,0.90,fused_block,0.9472,1.8944
pair64,4194304,0.50,0.90,prefix_fill,0.8943,1.7886
pair64,4194304,0.50,0.90,whole,1.0206,2.0411
pair64,4194304,0.50,0.90,sized_off,0.8954,1.7908
pair64,4194304,0.90,0.10,scan_swap,0.1019,1.0191
pair64,4194304,0.90,0.10,gap_off,0.1047,1.0473
pair64,4194304,0.90,0.10,part_swap,0.1011,1.0108
pair64,4194304,0.90,0.10,fused_block,0.8323,8.3231
pair64,4194304,0.90,0.10,prefix_fill,0.0928,0.9279
pair64,4194304,0.90,0.10,whole,0.8341,8.3410
pair64,4194304,0.90,0.10,sized_off,0.0934,0.9336
pair64,4194304,0.90,0.50,scan_swap,0.2776,2.7756
pair64,4194304,0.90,0.50,gap_off,0.1296,1.2963
pair64,4194304,0.90,0.50,part_swap,0.1699,1.6990
pair64,4194304,0.90,0.50,fused_block,0.8473,8.4731
pair64,4194304,0.90,0.50,prefix_fill,0.1320,1.3199
pair64,4194304,0.90,0.50,whole,0.8586,8.5863
pair64,4194304,0.90,0.50,sized_off,0.1316,1.3160
pair64,4194304,0.90,0.90,scan_swap,0.1609,1.6087
pair64,4194304,0.90,0.90,gap_off,0.1599,1.5992
pair64,4194304,0.90,0.90,part_swap,0.2261,2.2605
pair64,4194304,0.90,0.90,fused_block,0.8491,8.4914
pair64,4194304,0.90,0.90,prefix_fill,0.1687,1.6871
pair64,4194304,0.90,0.90,whole,0.8698,8.6975
pair64,4194304,0.90,0.90,sized_off,0.1687,1.6871
