type,case,algo,n,k,delta,total_ops,samples,min_ns,p50_ns,p90_ns,mean_ns,cv_pct
i64,a,extend_sorted,2,1,1,5013504,153,2.887,2.936,3.041,2.957,2.66
i64,a,extend_scan,2,1,1,5013504,153,4.843,4.902,5.010,4.920,1.18
i64,a,extend_bsearch,2,1,1,5013504,153,6.730,6.800,6.908,6.829,2.33
i64,a,sort_network,2,1,1,5013504,153,0.368,0.374,0.389,0.382,6.16
i64,a,std::sort,2,1,1,5013504,153,1.424,1.465,1.492,1.473,2.44
i64,b,extend_sorted,2,1,1,5013504,153,2.846,2.882,2.928,2.894,1.55
i64,b,merge_sorted,2,1,1,5013504,153,5.446,5.497,5.607,5.528,2.12
i64,b,merge_branchless,2,1,1,5013504,153,5.656,5.717,5.833,5.755,2.68
i64,b,sort_network,2,1,1,5013504,153,0.357,0.362,0.377,0.368,5.92
i64,b,std::inplace_merge,2,1,1,5013504,153,13.029,13.255,13.913,13.432,2.70
i64,b,std::merge,2,1,1,5013504,153,5.651,5.740,5.851,5.785,3.57
i64,a,extend_sorted,3,2,1,5002505,229,4.759,4.831,4.933,4.850,1.79
i64,a,extend_scan,3,2,1,5002505,229,7.020,7.155,7.314,7.181,1.75
i64,a,extend_bsearch,3,2,1,5002505,229,8.045,8.149,8.312,8.184,1.87
i64,a,sort_network,3,2,1,5002505,229,1.251,1.262,1.270,1.267,2.04
i64,a,std::sort,3,2,1,5002505,229,6.271,6.363,6.538,6.398,2.34
i64,b,extend_sorted,3,2,1,5002505,229,4.764,4.834,4.964,4.850,1.48
i64,b,merge_sorted,3,2,1,5002505,229,6.630,6.734,6.913,6.764,1.44
i64,b,merge_branchless,3,2,1,5002505,229,7.021,7.092,7.248,7.121,2.15
i64,b,sort_network,3,2,1,5002505,229,1.252,1.260,1.269,1.266,2.23
i64,b,std::inplace_merge,3,2,1,5002505,229,14.575,14.882,15.079,14.944,2.73
i64,b,std::merge,3,2,1,5002505,229,7.462,7.572,7.761,7.619,2.32
i64,a,extend_sorted,3,1,2,5002505,229,7.484,7.575,7.730,7.658,11.84
i64,a,extend_scan,3,1,2,5002505,229,11.344,11.534,11.708,11.562,1.45
i64,a,extend_bsearch,3,1,2,5002505,229,13.937,14.144,14.312,14.158,0.72
i64,a,sort_network,3,1,2,5002505,229,1.245,1.258,1.264,1.266,3.00
i64,a,std::sort,3,1,2,5002505,229,8.743,8.890,9.059,8.916,1.27
i64,b,extend_sorted,3,1,2,5002505,229,5.264,5.336,5.477,5.356,1.31
i64,b,merge_sorted,3,1,2,5002505,229,8.888,8.979,9.156,9.007,0.95
i64,b,merge_branchless,3,1,2,5002505,229,8.963,9.075,9.233,9.108,1.13
i64,b,sort_network,3,1,2,5002505,229,1.251,1.263,1.271,1.268,2.41
i64,b,std::inplace_merge,3,1,2,5002505,229,14.687,14.862,15.033,14.895,1.05
i64,b,std::merge,3,1,2,5002505,229,7.520,7.622,7.753,7.649,1.25
i64,a,extend_sorted,4,3,1,5013504,306,5.388,5.482,5.546,5.502,1.38
i64,a,extend_scan,4,3,1,5013504,306,7.239,7.371,7.577,7.396,1.27
i64,a,extend_bsearch,4,3,1,5013504,306,9.714,9.877,10.108,9.914,1.33
i64,a,sort_network,4,3,1,5013504,306,1.402,1.422,1.431,1.426,2.09
i64,a,std::sort,4,3,1,5013504,306,7.794,7.960,8.180,7.991,2.41
i64,b,extend_sorted,4,3,1,5013504,306,5.361,5.446,5.635,5.468,1.51
i64,b,merge_sorted,4,3,1,5013504,306,7.492,7.752,7.939,7.755,1.83
i64,b,merge_branchless,4,3,1,5013504,306,7.980,8.079,8.308,8.113,1.33
i64,b,sort_network,4,3,1,5013504,306,1.399,1.420,1.429,1.427,2.85
i64,b,std::inplace_merge,4,3,1,5013504,306,15.508,15.734,15.967,15.804,1.78
i64,b,std::merge,4,3,1,5013504,306,8.408,8.567,8.777,8.603,1.52
i64,a,extend_sorted,4,2,2,5013504,306,9.414,9.545,9.734,9.571,1.17
i64,a,extend_scan,4,2,2,5013504,306,13.619,13.862,14.110,13.891,1.22
i64,a,extend_bsearch,4,2,2,5013504,306,16.993,17.405,17.627,17.413,1.07
i64,a,sort_network,4,2,2,5013504,306,1.404,1.419,1.430,1.428,3.07
i64,a,std::sort,4,2,2,5013504,306,12.383,12.638,12.872,12.672,1.29
i64,b,extend_sorted,4,2,2,5013504,306,7.478,7.573,7.745,7.596,1.14
i64,b,merge_sorted,4,2,2,5013504,306,12.010,12.184,12.398,12.220,0.90
i64,b,merge_branchless,4,2,2,5013504,306,12.739,12.911,13.132,12.976,4.50
i64,b,sort_network,4,2,2,5013504,306,1.409,1.425,1.435,1.435,4.71
i64,b,std::inplace_merge,4,2,2,5013504,306,20.034,20.275,20.512,20.307,0.84
i64,b,std::merge,4,2,2,5013504,306,10.269,10.458,10.668,10.489,1.06
i64,a,extend_sorted,4,1,3,5013504,306,12.115,12.250,12.476,12.290,1.33
i64,a,extend_scan,4,1,3,5013504,306,18.374,18.651,18.931,18.693,1.58
i64,a,extend_bsearch,4,1,3,5013504,306,23.015,23.312,23.626,23.354,0.83
i64,a,sort_network,4,1,3,5013504,306,1.404,1.420,1.430,1.425,2.33
i64,a,std::sort,4,1,3,5013504,306,14.995,15.224,15.455,15.257,1.08
i64,b,extend_sorted,4,1,3,5013504,306,6.201,6.286,6.470,6.310,1.33
i64,b,merge_sorted,4,1,3,5013504,306,9.978,10.115,10.323,10.145,1.02
i64,b,merge_branchless,4,1,3,5013504,306,10.608,10.703,10.911,10.733,0.93
i64,b,sort_network,4,1,3,5013504,306,1.403,1.417,1.427,1.422,2.45
i64,b,std::inplace_merge,4,1,3,5013504,306,15.415,15.570,15.801,15.669,6.62
i64,b,std::merge,4,1,3,5013504,306,8.476,8.562,8.768,8.606,1.68
i64,a,extend_sorted,5,4,1,5006874,382,6.518,6.611,6.900,6.667,2.05
i64,a,extend_scan,5,4,1,5006874,382,8.596,8.716,9.033,8.783,1.94
i64,a,extend_bsearch,5,4,1,5006874,382,10.164,10.335,10.731,10.445,3.17
i64,a,sort_network,5,4,1,5006874,382,1.417,1.434,1.489,1.451,4.08
i64,a,std::sort,5,4,1,5006874,382,9.483,9.610,9.960,9.685,1.97
i64,b,extend_sorted,5,4,1,5006874,382,6.316,6.397,6.677,6.447,1.90
i64,b,merge_sorted,5,4,1,5006874,382,8.091,8.230,8.559,8.293,2.10
i64,b,merge_branchless,5,4,1,5006874,382,9.266,9.376,9.735,9.454,2.04
i64,b,sort_network,5,4,1,5006874,382,1.426,1.444,1.504,1.462,4.08
i64,b,std::inplace_merge,5,4,1,5006874,382,15.909,16.183,16.597,16.284,1.77
i64,b,std::merge,5,4,1,5006874,382,9.457,9.706,10.068,9.779,2.45
i64,a,extend_sorted,5,3,2,5006874,382,11.552,11.701,11.968,11.741,1.21
i64,a,extend_scan,5,3,2,5006874,382,15.607,15.821,16.126,15.915,4.48
i64,a,extend_bsearch,5,3,2,5006874,382,19.224,19.519,19.816,19.552,0.88
i64,a,sort_network,5,3,2,5006874,382,1.418,1.432,1.447,1.441,3.23
i64,a,std::sort,5,3,2,5006874,382,13.789,13.962,14.242,14.015,1.14
i64,b,extend_sorted,5,3,2,5006874,382,9.662,9.792,10.052,9.834,1.26
i64,b,merge_sorted,5,3,2,5006874,382,13.109,13.430,13.694,13.465,1.10
i64,b,merge_branchless,5,3,2,5006874,382,13.634,13.829,14.098,13.867,0.98
i64,b,sort_network,5,3,2,5006874,382,1.427,1.440,1.450,1.452,3.79
i64,b,std::inplace_merge,5,3,2,5006874,382,22.500,22.766,23.038,22.812,0.82
i64,b,std::merge,5,3,2,5006874,382,12.466,12.662,12.951,12.717,1.26
i64,a,extend_sorted,5,2,3,5006874,382,15.685,15.917,16.196,15.954,1.05
i64,a,extend_scan,5,2,3,5006874,382,22.262,22.547,22.796,22.575,1.14
i64,a,extend_bsearch,5,2,3,5006874,382,26.699,27.101,27.456,27.156,1.07
i64,a,sort_network,5,2,3,5006874,382,1.420,1.435,1.457,1.448,3.79
i64,a,std::sort,5,2,3,5006874,382,18.571,18.936,19.231,18.983,1.26
i64,b,extend_sorted,5,2,3,5006874,382,10.325,10.525,10.751,10.559,1.67
i64,b,merge_sorted,5,2,3,5006874,382,13.625,13.921,14.185,13.953,1.12
i64,b,merge_branchless,5,2,3,5006874,382,14.748,14.963,15.208,14.995,0.96
i64,b,sort_network,5,2,3,5006874,382,1.421,1.438,1.471,1.455,4.61
i64,b,std::inplace_merge,5,2,3,5006874,382,21.636,21.935,22.211,21.960,0.88
i64,b,std::merge,5,2,3,5006874,382,12.498,12.680,12.923,12.715,1.12
i64,a,extend_sorted,5,1,4,5006874,382,18.473,18.688,19.003,18.738,1.00
i64,a,extend_scan,5,1,4,5006874,382,27.177,27.639,28.008,27.666,0.93
i64,a,extend_bsearch,5,1,4,5006874,382,32.875,33.338,33.703,33.375,0.81
i64,a,sort_network,5,1,4,5006874,382,1.416,1.431,1.440,1.435,2.25
i64,a,std::sort,5,1,4,5006874,382,21.110,21.382,21.673,21.476,3.33
i64,b,extend_sorted,5,1,4,5006874,382,8.035,8.142,8.351,8.173,2.10
i64,b,merge_sorted,5,1,4,5006874,382,11.160,11.429,11.639,11.433,1.43
i64,b,merge_branchless,5,1,4,5006874,382,12.869,13.036,13.263,13.084,1.32
i64,b,sort_network,5,1,4,5006874,382,1.418,1.431,1.441,1.438,3.03
i64,b,std::inplace_merge,5,1,4,5006874,382,15.966,16.153,16.446,16.185,0.95
i64,b,std::merge,5,1,4,5006874,382,9.562,9.683,9.921,9.719,1.41
i64,a,extend_sorted,6,5,1,5002276,458,6.111,6.184,6.220,6.205,1.46
i64,a,extend_scan,6,5,1,5002276,458,8.775,8.870,9.203,8.924,1.60
i64,a,extend_bsearch,6,5,1,5002276,458,10.943,11.069,11.379,11.117,1.66
i64,a,sort_network,6,5,1,5002276,458,1.965,1.986,1.994,1.994,2.75
i64,a,std::sort,6,5,1,5002276,458,11.462,11.647,11.976,11.694,1.23
i64,b,extend_sorted,6,5,1,5002276,458,6.006,6.085,6.126,6.113,1.96
i64,b,merge_sorted,6,5,1,5002276,458,8.846,8.983,9.247,9.017,1.44
i64,b,merge_branchless,6,5,1,5002276,458,11.124,11.203,11.563,11.263,1.50
i64,b,sort_network,6,5,1,5002276,458,1.971,1.993,2.003,2.006,3.59
i64,b,std::inplace_merge,6,5,1,5002276,458,16.109,16.393,16.804,16.456,1.10
i64,b,std::merge,6,5,1,5002276,458,9.720,9.845,10.130,9.889,1.70
i64,a,extend_sorted,6,4,2,5002276,458,11.542,11.940,12.093,11.940,1.49
i64,a,extend_scan,6,4,2,5002276,458,16.178,16.384,16.722,16.440,1.08
i64,a,extend_bsearch,6,4,2,5002276,458,20.720,21.037,21.381,21.161,8.16
i64,a,sort_network,6,4,2,5002276,458,1.963,1.983,1.995,1.990,2.43
i64,a,std::sort,6,4,2,5002276,458,15.433,15.661,15.974,15.711,1.08
i64,b,extend_sorted,6,4,2,5002276,458,10.385,10.660,10.775,10.666,1.20
i64,b,merge_sorted,6,4,2,5002276,458,14.417,14.659,15.011,14.722,1.37
i64,b,merge_branchless,6,4,2,5002276,458,16.124,16.330,16.664,16.384,1.13
i64,b,sort_network,6,4,2,5002276,458,1.966,1.984,1.997,1.990,2.31
i64,b,std::inplace_merge,6,4,2,5002276,458,23.121,23.517,23.898,23.570,1.30
i64,b,std::merge,6,4,2,5002276,458,13.482,13.673,13.982,13.729,1.53
i64,a,extend_sorted,6,3,3,5002276,458,17.792,18.097,18.437,18.156,1.59
i64,a,extend_scan,6,3,3,5002276,458,23.529,23.915,24.321,24.002,1.86
i64,a,extend_bsearch,6,3,3,5002276,458,30.392,31.044,31.414,31.172,3.86
i64,a,sort_network,6,3,3,5002276,458,1.966,1.988,1.999,2.001,3.97
i64,a,std::sort,6,3,3,5002276,458,20.578,20.868,21.226,20.954,2.12
i64,b,extend_sorted,6,3,3,5002276,458,12.369,12.661,12.941,12.706,2.04
i64,b,merge_sorted,6,3,3,5002276,458,16.720,16.996,17.366,17.084,2.24
i64,b,merge_branchless,6,3,3,5002276,458,17.875,18.129,18.463,18.202,2.19
i64,b,sort_network,6,3,3,5002276,458,1.967,1.991,2.002,2.005,3.72
i64,b,std::inplace_merge,6,3,3,5002276,458,23.857,24.222,24.597,24.300,1.87
i64,b,std::merge,6,3,3,5002276,458,15.000,15.205,15.558,15.279,2.30
i64,a,extend_sorted,6,2,4,5002276,458,22.287,22.933,23.424,23.006,1.65
i64,a,extend_scan,6,2,4,5002276,458,30.752,31.289,31.689,31.447,4.56
i64,a,extend_bsearch,6,2,4,5002276,458,38.264,38.991,39.449,39.191,2.44
i64,a,sort_network,6,2,4,5002276,458,1.966,1.994,2.013,2.018,7.51
i64,a,std::sort,6,2,4,5002276,458,25.442,25.963,26.366,26.083,1.82
i64,b,extend_sorted,6,2,4,5002276,458,12.167,12.528,12.820,12.574,1.82
i64,b,merge_sorted,6,2,4,5002276,458,16.064,16.455,16.821,16.508,2.17
i64,b,merge_branchless,6,2,4,5002276,458,18.284,18.858,19.322,18.949,1.92
i64,b,sort_network,6,2,4,5002276,458,1.968,1.992,2.005,2.005,3.45
i64,b,std::inplace_merge,6,2,4,5002276,458,21.976,22.415,22.759,22.567,3.59
i64,b,std::merge,6,2,4,5002276,458,13.578,13.811,14.173,13.910,3.02
i64,a,extend_sorted,7,6,1,5008670,535,6.261,6.413,6.533,6.448,2.54
i64,a,extend_scan,7,6,1,5008670,535,8.880,9.025,9.198,9.071,2.15
i64,a,extend_bsearch,7,6,1,5008670,535,11.970,12.138,12.485,12.188,1.81
i64,a,sort_network,7,6,1,5008670,535,2.309,2.342,2.359,2.352,2.68
i64,a,std::sort,7,6,1,5008670,535,12.788,12.970,13.356,13.062,3.06
i64,b,extend_sorted,7,6,1,5008670,535,6.184,6.308,6.400,6.354,3.03
i64,b,merge_sorted,7,6,1,5008670,535,8.558,8.759,9.045,8.856,7.00
i64,b,merge_branchless,7,6,1,5008670,535,12.909,13.127,13.509,13.210,2.98
i64,b,sort_network,7,6,1,5008670,535,2.325,2.361,2.382,2.382,3.93
i64,b,std::inplace_merge,7,6,1,5008670,535,16.317,16.630,17.214,16.799,4.00
i64,b,std::merge,7,6,1,5008670,535,10.183,10.346,10.709,10.418,2.88
i64,a,extend_sorted,7,5,2,5008670,535,11.791,12.293,12.621,12.331,2.31
i64,a,extend_scan,7,5,2,5008670,535,16.611,16.805,17.212,16.892,1.82
i64,a,extend_bsearch,7,5,2,5008670,535,22.419,22.804,23.273,22.906,2.11
i64,a,sort_network,7,5,2,5008670,535,2.314,2.338,2.356,2.359,3.98
i64,a,std::sort,7,5,2,5008670,535,17.033,17.250,17.637,17.345,2.44
i64,b,extend_sorted,7,5,2,5008670,535,11.066,11.317,11.493,11.350,1.40
i64,b,merge_sorted,7,5,2,5008670,535,14.702,15.052,15.499,15.121,2.30
i64,b,merge_branchless,7,5,2,5008670,535,18.298,18.505,18.889,18.586,1.72
i64,b,sort_network,7,5,2,5008670,535,2.321,2.345,2.360,2.356,2.76
i64,b,std::inplace_merge,7,5,2,5008670,535,23.177,23.748,24.202,23.895,5.16
i64,b,std::merge,7,5,2,5008670,535,14.264,14.536,14.908,14.603,2.19
i64,a,extend_sorted,7,4,3,5008670,535,18.292,18.843,19.192,18.882,1.65
i64,a,extend_scan,7,4,3,5008670,535,24.731,25.078,25.533,25.197,2.45
i64,a,extend_bsearch,7,4,3,5008670,535,32.689,33.251,33.737,33.380,2.44
i64,a,sort_network,7,4,3,5008670,535,2.311,2.335,2.370,2.359,4.25
i64,a,std::sort,7,4,3,5008670,535,22.104,22.444,22.867,22.544,2.74
i64,b,extend_sorted,7,4,3,5008670,535,13.820,14.107,14.460,14.174,2.28
i64,b,merge_sorted,7,4,3,5008670,535,18.298,18.776,19.157,18.860,2.39
i64,b,merge_branchless,7,4,3,5008670,535,20.214,21.127,21.475,21.207,2.03
i64,b,sort_network,7,4,3,5008670,535,2.319,2.345,2.391,2.377,5.94
i64,b,std::inplace_merge,7,4,3,5008670,535,26.535,27.158,28.386,27.442,3.58
i64,b,std::merge,7,4,3,5008670,535,16.866,17.141,17.541,17.249,2.81
i64,a,extend_sorted,7,3,4,5008670,535,23.866,24.515,24.915,24.553,1.31
i64,a,extend_scan,7,3,4,5008670,535,32.825,33.279,33.660,33.346,1.27
i64,a,extend_bsearch,7,3,4,5008670,535,42.991,43.651,44.050,43.709,2.17
i64,a,sort_network,7,3,4,5008670,535,2.311,2.331,2.352,2.350,4.18
i64,a,std::sort,7,3,4,5008670,535,27.673,27.999,28.413,28.083,1.42
i64,b,extend_sorted,7,3,4,5008670,535,14.496,14.907,15.213,14.936,1.85
i64,b,merge_sorted,7,3,4,5008670,535,20.183,20.510,20.858,20.558,1.29
i64,b,merge_branchless,7,3,4,5008670,535,21.582,22.393,22.785,22.454,1.27
i64,b,sort_network,7,3,4,5008670,535,2.317,2.343,2.366,2.362,5.33
i64,b,std::inplace_merge,7,3,4,5008670,535,25.593,25.861,26.234,25.930,1.13
i64,b,std::merge,7,3,4,5008670,535,17.046,17.323,17.693,17.393,1.78
i64,a,extend_sorted,7,1,6,5008670,535,32.967,33.702,34.182,33.746,1.08
i64,a,extend_scan,7,1,6,5008670,535,44.843,45.546,46.022,45.583,1.00
i64,a,extend_bsearch,7,1,6,5008670,535,57.141,57.790,58.234,57.872,1.36
i64,a,sort_network,7,1,6,5008670,535,2.311,2.330,2.350,2.351,4.44
i64,a,std::sort,7,1,6,5008670,535,35.934,36.471,36.967,36.528,0.99
i64,b,extend_sorted,7,1,6,5008670,535,10.269,10.405,10.781,10.484,2.07
i64,b,merge_sorted,7,1,6,5008670,535,11.388,11.609,11.980,11.659,1.43
i64,b,merge_branchless,7,1,6,5008670,535,16.641,17.114,17.493,17.171,1.64
i64,b,sort_network,7,1,6,5008670,535,2.318,2.338,2.367,2.356,3.10
i64,b,std::inplace_merge,7,1,6,5008670,535,16.045,16.327,17.147,16.526,4.05
i64,b,std::merge,7,1,6,5008670,535,10.293,10.385,10.757,10.472,3.36
i64,a,extend_sorted,8,7,1,5005312,611,6.273,6.377,6.432,6.414,2.66
i64,a,extend_scan,8,7,1,5005312,611,9.208,9.365,9.440,9.408,2.17
i64,a,extend_bsearch,8,7,1,5005312,611,12.465,12.641,12.874,12.727,7.69
i64,a,sort_network,8,7,1,5005312,611,4.577,4.627,4.647,4.644,2.06
i64,a,std::sort,8,7,1,5005312,611,14.026,14.197,14.651,14.273,2.36
i64,b,extend_sorted,8,7,1,5005312,611,6.306,6.393,6.439,6.426,2.58
i64,b,merge_sorted,8,7,1,5005312,611,8.860,8.953,9.480,9.078,3.09
i64,b,merge_branchless,8,7,1,5005312,611,15.234,15.424,15.852,15.504,1.98
i64,b,sort_network,8,7,1,5005312,611,4.569,4.612,4.634,4.631,2.17
i64,b,std::inplace_merge,8,7,1,5005312,611,16.449,16.813,17.227,16.879,2.16
i64,b,std::merge,8,7,1,5005312,611,10.432,10.584,10.816,10.636,2.07
i64,a,extend_sorted,8,6,2,5005312,611,12.089,12.593,12.956,12.637,2.05
i64,a,extend_scan,8,6,2,5005312,611,17.187,17.497,17.950,17.585,1.95
i64,a,extend_bsearch,8,6,2,5005312,611,23.959,24.363,24.815,24.452,1.62
i64,a,sort_network,8,6,2,5005312,611,4.540,4.608,4.639,4.630,2.21
i64,a,std::sort,8,6,2,5005312,611,18.271,18.651,19.080,18.734,2.02
i64,b,extend_sorted,8,6,2,5005312,611,11.667,11.951,12.268,12.004,1.75
i64,b,merge_sorted,8,6,2,5005312,611,15.458,15.813,16.219,15.896,2.37
i64,b,merge_branchless,8,6,2,5005312,611,20.950,21.248,21.714,21.347,2.06
i64,b,sort_network,8,6,2,5005312,611,4.568,4.620,4.650,4.651,6.64
i64,b,std::inplace_merge,8,6,2,5005312,611,24.021,24.424,25.047,24.557,2.17
i64,b,std::merge,8,6,2,5005312,611,14.834,15.268,15.652,15.316,2.19
i64,a,extend_sorted,8,5,3,5005312,611,18.669,19.313,19.766,19.367,1.68
i64,a,extend_scan,8,5,3,5005312,611,25.641,26.089,26.634,26.220,2.30
i64,a,extend_bsearch,8,5,3,5005312,611,35.525,36.069,36.536,36.192,2.31
i64,a,sort_network,8,5,3,5005312,611,4.570,4.618,4.646,4.640,2.26
i64,a,std::sort,8,5,3,5005312,611,23.747,24.069,24.579,24.204,2.49
i64,b,extend_sorted,8,5,3,5005312,611,14.904,15.290,15.661,15.357,1.78
i64,b,merge_sorted,8,5,3,5005312,611,20.016,20.434,20.924,20.540,2.58
i64,b,merge_branchless,8,5,3,5005312,611,22.742,23.084,23.567,23.179,3.91
i64,b,sort_network,8,5,3,5005312,611,4.563,4.618,4.641,4.636,2.58
i64,b,std::inplace_merge,8,5,3,5005312,611,28.126,28.660,29.122,28.751,2.12
i64,b,std::merge,8,5,3,5005312,611,18.387,18.791,19.252,18.880,2.27
i64,a,extend_sorted,8,4,4,5005312,611,24.908,25.650,26.109,25.679,1.26
i64,a,extend_scan,8,4,4,5005312,611,34.524,34.943,35.384,35.024,1.43
i64,a,extend_bsearch,8,4,4,5005312,611,46.108,46.660,47.176,46.731,1.35
i64,a,sort_network,8,4,4,5005312,611,4.558,4.600,4.633,4.621,2.11
i64,a,std::sort,8,4,4,5005312,611,29.554,29.917,30.385,30.006,1.22
i64,b,extend_sorted,8,4,4,5005312,611,16.606,16.957,17.334,17.008,1.70
i64,b,merge_sorted,8,4,4,5005312,611,23.333,23.987,24.445,24.046,1.31
i64,b,merge_branchless,8,4,4,5005312,611,25.423,25.674,26.189,25.772,1.18
i64,b,sort_network,8,4,4,5005312,611,4.567,4.597,4.638,4.623,2.33
i64,b,std::inplace_merge,8,4,4,5005312,611,29.484,30.174,30.729,30.289,1.76
i64,b,std::merge,8,4,4,5005312,611,19.804,20.188,20.613,20.246,1.46
i64,a,extend_sorted,8,2,6,5005312,611,35.789,36.648,37.185,36.688,1.08
i64,a,extend_scan,8,2,6,5005312,611,48.819,49.597,50.112,49.650,1.07
i64,a,extend_bsearch,8,2,6,5005312,611,63.573,64.311,64.932,64.431,1.33
i64,a,sort_network,8,2,6,5005312,611,4.568,4.606,4.639,4.629,2.46
i64,a,std::sort,8,2,6,5005312,611,40.782,41.317,41.911,41.393,1.48
i64,b,extend_sorted,8,2,6,5005312,611,15.227,15.533,15.940,15.607,1.99
i64,b,merge_sorted,8,2,6,5005312,611,17.080,17.543,17.914,17.610,2.07
i64,b,merge_branchless,8,2,6,5005312,611,21.290,21.686,22.056,21.745,1.56
i64,b,sort_network,8,2,6,5005312,611,4.570,4.600,4.640,4.635,3.60
i64,b,std::inplace_merge,8,2,6,5005312,611,23.207,24.133,24.607,24.215,2.57
i64,b,std::merge,8,2,6,5005312,611,15.155,15.401,15.790,15.474,2.05
i64,a,extend_sorted,9,8,1,5002047,687,6.584,6.668,6.709,6.701,3.16
i64,a,extend_scan,9,8,1,5002047,687,9.502,9.598,9.657,9.636,1.53
i64,a,extend_bsearch,9,8,1,5002047,687,12.562,12.722,13.173,12.778,1.50
i64,a,sort_network,9,8,1,5002047,687,5.694,5.736,5.763,5.767,2.24
i64,a,std::sort,9,8,1,5002047,687,15.230,15.364,15.809,15.430,1.41
i64,b,extend_sorted,9,8,1,5002047,687,6.394,6.472,6.509,6.505,3.46
i64,b,merge_sorted,9,8,1,5002047,687,9.179,9.377,9.572,9.420,1.94
i64,b,merge_branchless,9,8,1,5002047,687,17.806,18.001,18.444,18.103,5.68
i64,b,sort_network,9,8,1,5002047,687,5.710,5.749,5.780,5.789,3.07
i64,b,std::inplace_merge,9,8,1,5002047,687,16.817,17.005,17.576,17.122,1.66
i64,b,std::merge,9,8,1,5002047,687,10.908,11.089,11.548,11.177,2.23
i64,a,extend_sorted,9,7,2,5002047,687,12.463,13.036,13.365,13.060,2.23
i64,a,extend_scan,9,7,2,5002047,687,17.975,18.348,18.863,18.446,2.20
i64,a,extend_bsearch,9,7,2,5002047,687,25.058,25.496,26.037,25.609,1.75
i64,a,sort_network,9,7,2,5002047,687,5.644,5.736,5.767,5.761,2.18
i64,a,std::sort,9,7,2,5002047,687,20.142,20.457,21.034,20.593,3.02
i64,b,extend_sorted,9,7,2,5002047,687,12.150,12.472,12.807,12.523,1.85
i64,b,merge_sorted,9,7,2,5002047,687,15.662,15.914,16.398,16.025,2.87
i64,b,merge_branchless,9,7,2,5002047,687,23.192,23.582,24.109,23.706,1.93
i64,b,sort_network,9,7,2,5002047,687,5.655,5.745,5.795,5.802,4.87
i64,b,std::inplace_merge,9,7,2,5002047,687,24.357,24.808,25.735,25.086,3.33
i64,b,std::merge,9,7,2,5002047,687,15.662,15.989,16.483,16.081,2.25
i64,a,extend_sorted,9,6,3,5002047,687,18.832,19.351,19.838,19.419,1.78
i64,a,extend_scan,9,6,3,5002047,687,26.695,27.096,27.597,27.187,1.22
i64,a,extend_bsearch,9,6,3,5002047,687,37.551,38.104,38.681,38.252,3.11
i64,a,sort_network,9,6,3,5002047,687,5.666,5.727,5.760,5.763,3.02
i64,a,std::sort,9,6,3,5002047,687,25.645,26.007,26.493,26.103,1.75
i64,b,extend_sorted,9,6,3,5002047,687,16.022,16.399,16.813,16.456,1.70
i64,b,merge_sorted,9,6,3,5002047,687,20.532,20.888,21.348,20.969,1.66
i64,b,merge_branchless,9,6,3,5002047,687,25.001,25.317,25.831,25.398,1.21
i64,b,sort_network,9,6,3,5002047,687,5.679,5.741,5.774,5.777,4.17
i64,b,std::inplace_merge,9,6,3,5002047,687,29.116,29.594,31.238,29.950,3.12
i64,b,std::merge,9,6,3,5002047,687,19.785,20.349,20.796,20.418,1.93
i64,a,extend_sorted,9,5,4,5002047,687,25.481,26.196,26.725,26.260,1.45
i64,a,extend_scan,9,5,4,5002047,687,36.404,36.758,37.295,36.915,3.22
i64,a,extend_bsearch,9,5,4,5002047,687,49.604,50.262,50.857,50.366,1.40
i64,a,sort_network,9,5,4,5002047,687,5.690,5.723,5.764,5.768,3.89
i64,a,std::sort,9,5,4,5002047,687,31.816,32.231,32.755,32.333,1.99
i64,b,extend_sorted,9,5,4,5002047,687,17.947,18.385,18.767,18.439,1.40
i64,b,merge_sorted,9,5,4,5002047,687,25.519,26.091,26.607,26.171,1.52
i64,b,merge_branchless,9,5,4,5002047,687,28.273,28.604,29.068,28.697,1.06
i64,b,sort_network,9,5,4,5002047,687,5.692,5.716,5.771,5.748,1.93
i64,b,std::inplace_merge,9,5,4,5002047,687,32.949,33.533,35.067,33.810,2.54
i64,b,std::merge,9,5,4,5002047,687,23.060,23.768,24.222,23.790,1.63
i64,a,extend_sorted,9,3,6,5002047,687,37.651,38.971,39.584,39.013,1.19
i64,a,extend_scan,9,3,6,5002047,687,52.616,53.258,53.817,53.308,0.92
i64,a,extend_bsearch,9,3,6,5002047,687,70.056,70.882,71.481,70.927,0.69
i64,a,sort_network,9,3,6,5002047,687,5.690,5.721,5.762,5.748,2.09
i64,a,std::sort,9,3,6,5002047,687,43.711,44.278,44.815,44.357,1.10
i64,b,extend_sorted,9,3,6,5002047,687,18.935,19.318,19.897,19.445,1.72
i64,b,merge_sorted,9,3,6,5002047,687,22.757,23.061,23.521,23.136,1.29
i64,b,merge_branchless,9,3,6,5002047,687,24.872,25.047,25.529,25.141,0.98
i64,b,sort_network,9,3,6,5002047,687,5.705,5.723,5.775,5.761,2.16
i64,b,std::inplace_merge,9,3,6,5002047,687,28.048,28.495,29.023,28.572,1.12
i64,b,std::merge,9,3,6,5002047,687,20.537,20.881,21.348,20.953,1.26
i64,a,extend_sorted,9,1,8,5002047,687,46.253,47.225,47.801,47.268,1.06
i64,a,extend_scan,9,1,8,5002047,687,63.537,64.265,64.893,64.340,0.85
i64,a,extend_bsearch,9,1,8,5002047,687,83.706,84.720,85.521,84.900,1.54
i64,a,sort_network,9,1,8,5002047,687,5.692,5.722,5.766,5.759,3.13
i64,a,std::sort,9,1,8,5002047,687,51.390,52.256,52.901,52.305,1.04
i64,b,extend_sorted,9,1,8,5002047,687,12.026,12.262,12.854,12.422,2.70
i64,b,merge_sorted,9,1,8,5002047,687,12.229,12.405,12.614,12.458,1.90
i64,b,merge_branchless,9,1,8,5002047,687,22.268,22.393,22.844,22.476,1.31
i64,b,sort_network,9,1,8,5002047,687,5.694,5.704,5.763,5.763,3.58
i64,b,std::inplace_merge,9,1,8,5002047,687,16.883,17.163,17.615,17.262,2.22
i64,b,std::merge,9,1,8,5002047,687,10.801,10.918,11.225,10.991,2.41
i64,a,extend_sorted,10,9,1,5006492,764,11.650,11.812,11.900,11.846,1.38
i64,a,extend_scan,10,9,1,5006492,764,9.922,10.029,10.093,10.064,1.84
i64,a,extend_bsearch,10,9,1,5006492,764,12.826,13.018,13.211,13.077,1.65
i64,a,sort_network,10,9,1,5006492,764,4.447,4.502,4.538,4.543,4.80
i64,a,std::sort,10,9,1,5006492,764,16.758,16.939,17.516,17.039,2.79
i64,b,extend_sorted,10,9,1,5006492,764,11.508,11.693,11.854,11.748,1.90
i64,b,merge_sorted,10,9,1,5006492,764,9.736,9.971,10.533,10.175,4.14
i64,b,merge_branchless,10,9,1,5006492,764,20.281,20.532,21.114,20.645,2.11
i64,b,sort_network,10,9,1,5006492,764,4.450,4.500,4.537,4.536,4.65
i64,b,std::inplace_merge,10,9,1,5006492,764,16.935,17.262,17.701,17.364,3.11
i64,b,std::merge,10,9,1,5006492,764,10.948,11.136,11.976,11.297,3.48
i64,a,extend_sorted,10,8,2,5006492,764,22.738,23.086,23.648,23.208,1.98
i64,a,extend_scan,10,8,2,5006492,764,18.609,18.965,19.499,19.054,1.90
i64,a,extend_bsearch,10,8,2,5006492,764,25.491,26.005,26.576,26.129,2.29
i64,a,sort_network,10,8,2,5006492,764,4.423,4.496,4.529,4.527,4.10
i64,a,std::sort,10,8,2,5006492,764,22.303,22.790,23.372,22.929,3.53
i64,b,extend_sorted,10,8,2,5006492,764,19.183,19.472,19.986,19.560,1.68
i64,b,merge_sorted,10,8,2,5006492,764,16.242,16.729,17.091,16.765,2.10
i64,b,merge_branchless,10,8,2,5006492,764,25.679,26.025,26.619,26.141,1.64
i64,b,sort_network,10,8,2,5006492,764,4.427,4.488,4.522,4.513,3.35
i64,b,std::inplace_merge,10,8,2,5006492,764,24.502,25.034,25.582,25.150,2.43
i64,b,std::merge,10,8,2,5006492,764,15.941,16.312,17.222,16.479,2.92
i64,a,extend_sorted,10,7,3,5006492,764,31.875,32.450,33.054,32.592,1.93
i64,a,extend_scan,10,7,3,5006492,764,28.140,28.606,29.203,28.721,1.82
i64,a,extend_bsearch,10,7,3,5006492,764,39.336,40.044,40.683,40.173,1.69
i64,a,sort_network,10,7,3,5006492,764,4.427,4.487,4.512,4.509,3.06
i64,a,std::sort,10,7,3,5006492,764,28.192,29.127,29.709,29.249,2.92
i64,b,extend_sorted,10,7,3,5006492,764,23.771,24.167,24.691,24.262,1.83
i64,b,merge_sorted,10,7,3,5006492,764,21.595,22.059,22.636,22.207,5.24
i64,b,merge_branchless,10,7,3,5006492,764,26.956,27.354,27.955,27.466,1.89
i64,b,sort_network,10,7,3,5006492,764,4.439,4.502,4.532,4.537,4.44
i64,b,std::inplace_merge,10,7,3,5006492,764,29.673,30.364,30.955,30.476,2.44
i64,b,std::merge,10,7,3,5006492,764,20.751,21.303,22.229,21.487,2.74
i64,a,extend_sorted,10,6,4,5006492,764,39.549,40.201,40.815,40.357,2.03
i64,a,extend_scan,10,6,4,5006492,764,37.861,38.513,39.093,38.638,2.06
i64,a,extend_bsearch,10,6,4,5006492,764,51.802,52.695,53.354,52.770,1.05
i64,a,sort_network,10,6,4,5006492,764,4.439,4.491,4.519,4.518,2.88
i64,a,std::sort,10,6,4,5006492,764,34.388,35.437,36.004,35.529,2.61
i64,b,extend_sorted,10,6,4,5006492,764,26.659,27.135,27.695,27.283,2.65
i64,b,merge_sorted,10,6,4,5006492,764,26.833,27.510,28.225,27.631,2.14
i64,b,merge_branchless,10,6,4,5006492,764,29.598,30.054,30.698,30.159,1.33
i64,b,sort_network,10,6,4,5006492,764,4.429,4.477,4.506,4.512,5.00
i64,b,std::inplace_merge,10,6,4,5006492,764,33.816,34.490,35.089,34.636,2.61
i64,b,std::merge,10,6,4,5006492,764,24.869,25.435,26.337,25.615,2.32
i64,a,extend_sorted,10,4,6,5006492,764,54.555,55.365,56.049,55.503,1.87
i64,a,extend_scan,10,4,6,5006492,764,54.663,55.527,56.221,55.653,1.73
i64,a,extend_bsearch,10,4,6,5006492,764,74.328,75.551,76.330,75.765,1.91
i64,a,sort_network,10,4,6,5006492,764,4.433,4.484,4.518,4.517,3.41
i64,a,std::sort,10,4,6,5006492,764,46.333,47.121,47.964,47.294,2.11
i64,b,extend_sorted,10,4,6,5006492,764,27.545,28.141,28.755,28.313,4.63
i64,b,merge_sorted,10,4,6,5006492,764,27.185,27.939,28.604,28.043,2.40
i64,b,merge_branchless,10,4,6,5006492,764,28.293,28.660,29.195,28.779,1.78
i64,b,sort_network,10,4,6,5006492,764,4.436,4.487,4.523,4.514,3.35
i64,b,std::inplace_merge,10,4,6,5006492,764,33.314,34.580,35.307,34.636,2.90
i64,b,std::merge,10,4,6,5006492,764,24.954,25.753,26.715,25.951,2.91
i64,a,extend_sorted,10,2,8,5006492,764,65.956,66.840,67.588,66.907,0.98
i64,a,extend_scan,10,2,8,5006492,764,69.692,70.803,71.633,70.881,1.02
i64,a,extend_bsearch,10,2,8,5006492,764,92.406,93.439,94.394,93.614,1.05
i64,a,sort_network,10,2,8,5006492,764,4.435,4.482,4.526,4.516,3.26
i64,a,std::sort,10,2,8,5006492,764,57.758,58.748,59.496,58.849,1.94
i64,b,extend_sorted,10,2,8,5006492,764,23.257,23.729,24.200,23.804,1.73
i64,b,merge_sorted,10,2,8,5006492,764,18.668,19.225,19.691,19.298,1.89
i64,b,merge_branchless,10,2,8,5006492,764,26.277,26.442,27.002,26.544,1.24
i64,b,sort_network,10,2,8,5006492,764,4.421,4.453,4.498,4.483,2.56
i64,b,std::inplace_merge,10,2,8,5006492,764,24.521,25.095,25.609,25.095,2.35
i64,b,std::merge,10,2,8,5006492,764,16.489,16.854,17.635,16.994,2.29
i64,a,extend_sorted,11,10,1,5003880,840,12.498,12.676,12.828,12.736,1.98
i64,a,extend_scan,11,10,1,5003880,840,9.569,9.683,9.886,9.748,2.15
i64,a,extend_bsearch,11,10,1,5003880,840,13.650,13.910,14.219,13.990,2.22
i64,a,sort_network,11,10,1,5003880,840,5.201,5.256,5.280,5.285,2.57
i64,a,std::sort,11,10,1,5003880,840,14.209,14.524,14.679,14.561,2.82
i64,b,extend_sorted,11,10,1,5003880,840,12.584,12.740,12.878,12.800,2.25
i64,b,merge_sorted,11,10,1,5003880,840,10.781,10.877,10.979,10.945,2.78
i64,b,merge_branchless,11,10,1,5003880,840,22.819,23.012,23.627,23.130,1.62
i64,b,sort_network,11,10,1,5003880,840,5.199,5.253,5.278,5.276,2.30
i64,b,std::inplace_merge,11,10,1,5003880,840,17.089,17.418,18.153,17.549,2.33
i64,b,std::merge,11,10,1,5003880,840,11.521,11.640,11.765,11.704,2.38
i64,a,extend_sorted,11,9,2,5003880,840,24.070,24.368,24.971,24.477,1.68
i64,a,extend_scan,11,9,2,5003880,840,18.432,18.765,19.314,18.861,2.13
i64,a,extend_bsearch,11,9,2,5003880,840,26.296,26.779,27.395,26.892,1.72
i64,a,sort_network,11,9,2,5003880,840,5.177,5.228,5.258,5.257,2.73
i64,a,std::sort,11,9,2,5003880,840,20.737,21.584,22.024,21.657,5.55
i64,b,extend_sorted,11,9,2,5003880,840,20.690,21.026,21.597,21.124,2.07
i64,b,merge_sorted,11,9,2,5003880,840,17.652,17.926,18.475,18.030,2.59
i64,b,merge_branchless,11,9,2,5003880,840,28.537,28.756,29.388,28.895,1.29
i64,b,sort_network,11,9,2,5003880,840,5.174,5.226,5.258,5.256,2.65
i64,b,std::inplace_merge,11,9,2,5003880,840,24.659,25.287,25.843,25.407,2.90
i64,b,std::merge,11,9,2,5003880,840,17.061,17.362,17.730,17.452,2.61
i64,a,extend_sorted,11,8,3,5003880,840,37.055,37.649,38.334,37.763,1.69
i64,a,extend_scan,11,8,3,5003880,840,28.386,28.960,29.630,29.110,2.19
i64,a,extend_bsearch,11,8,3,5003880,840,40.187,40.933,41.693,41.147,3.17
i64,a,sort_network,11,8,3,5003880,840,5.181,5.241,5.283,5.277,3.55
i64,a,std::sort,11,8,3,5003880,840,27.449,28.535,29.724,28.731,3.06
i64,b,extend_sorted,11,8,3,5003880,840,27.885,28.377,29.015,28.484,1.72
i64,b,merge_sorted,11,8,3,5003880,840,23.559,23.945,24.495,24.040,2.06
i64,b,merge_branchless,11,8,3,5003880,840,29.850,30.263,30.884,30.371,1.81
i64,b,sort_network,11,8,3,5003880,840,5.172,5.244,5.287,5.279,3.06
i64,b,std::inplace_merge,11,8,3,5003880,840,30.053,31.178,31.723,31.264,2.65
i64,b,std::merge,11,8,3,5003880,840,22.049,22.547,23.153,22.665,2.09
i64,a,extend_sorted,11,7,4,5003880,840,48.312,49.175,49.887,49.240,1.12
i64,a,extend_scan,11,7,4,5003880,840,38.043,38.718,39.442,38.867,1.89
i64,a,extend_bsearch,11,7,4,5003880,840,54.151,55.200,56.032,55.388,1.84
i64,a,sort_network,11,7,4,5003880,840,5.167,5.229,5.271,5.260,3.22
i64,a,std::sort,11,7,4,5003880,840,35.577,36.510,37.187,36.636,2.18
i64,b,extend_sorted,11,7,4,5003880,840,32.747,33.327,33.959,33.414,1.44
i64,b,merge_sorted,11,7,4,5003880,840,29.578,30.123,30.733,30.264,2.33
i64,b,merge_branchless,11,7,4,5003880,840,33.219,33.671,34.311,33.771,3.17
i64,b,sort_network,11,7,4,5003880,840,5.175,5.233,5.271,5.256,2.62
i64,b,std::inplace_merge,11,7,4,5003880,840,35.658,36.582,37.277,36.684,1.71
i64,b,std::merge,11,7,4,5003880,840,27.383,28.375,29.037,28.444,1.89
i64,a,extend_sorted,11,5,6,5003880,840,65.229,66.172,66.906,66.246,1.15
i64,a,extend_scan,11,5,6,5003880,840,54.883,55.932,56.575,56.005,1.41
i64,a,extend_bsearch,11,5,6,5003880,840,78.128,79.353,80.191,79.466,1.28
i64,a,sort_network,11,5,6,5003880,840,5.177,5.224,5.270,5.258,2.74
i64,a,std::sort,11,5,6,5003880,840,47.856,48.813,49.518,48.897,1.37
i64,b,extend_sorted,11,5,6,5003880,840,34.213,34.845,35.452,34.979,1.77
i64,b,merge_sorted,11,5,6,5003880,840,33.246,33.697,34.332,33.817,1.42
i64,b,merge_branchless,11,5,6,5003880,840,31.755,32.037,32.618,32.155,1.27
i64,b,sort_network,11,5,6,5003880,840,5.181,5.223,5.270,5.254,2.62
i64,b,std::inplace_merge,11,5,6,5003880,840,37.169,38.777,39.576,38.937,1.85
i64,b,std::merge,11,5,6,5003880,840,30.058,31.162,31.782,31.274,3.83
i64,a,extend_sorted,11,3,8,5003880,840,79.334,80.329,81.162,80.432,1.14
i64,a,extend_scan,11,3,8,5003880,840,71.410,72.664,73.384,72.732,1.24
i64,a,extend_bsearch,11,3,8,5003880,840,98.862,100.140,101.154,100.270,0.99
i64,a,sort_network,11,3,8,5003880,840,5.174,5.212,5.251,5.256,4.55
i64,a,std::sort,11,3,8,5003880,840,60.194,61.677,62.454,61.741,1.10
i64,b,extend_sorted,11,3,8,5003880,840,30.086,30.608,31.274,30.751,2.00
i64,b,merge_sorted,11,3,8,5003880,840,26.069,26.568,27.151,26.664,1.84
i64,b,merge_branchless,11,3,8,5003880,840,29.771,29.981,30.618,30.119,1.38
i64,b,sort_network,11,3,8,5003880,840,5.172,5.207,5.263,5.253,3.25
i64,b,std::inplace_merge,11,3,8,5003880,840,29.484,30.150,31.243,30.435,3.93
i64,b,std::merge,11,3,8,5003880,840,23.485,24.128,24.718,24.225,1.71
i64,a,extend_sorted,12,11,1,5002276,916,13.644,13.862,14.015,13.915,1.54
i64,a,extend_scan,12,11,1,5002276,916,9.704,9.849,9.986,9.906,2.56
i64,a,extend_bsearch,12,11,1,5002276,916,14.877,15.221,15.391,15.295,2.51
i64,a,sort_network,12,11,1,5002276,916,7.345,7.418,7.470,7.461,2.58
i64,a,std::sort,12,11,1,5002276,916,19.493,19.733,20.343,19.846,3.13
i64,b,extend_sorted,12,11,1,5002276,916,13.798,13.985,14.115,14.045,2.91
i64,b,merge_sorted,12,11,1,5002276,916,10.022,10.156,10.399,10.252,2.98
i64,b,merge_branchless,12,11,1,5002276,916,25.522,25.754,26.474,25.900,1.84
i64,b,sort_network,12,11,1,5002276,916,7.341,7.442,7.493,7.482,2.35
i64,b,std::inplace_merge,12,11,1,5002276,916,17.003,17.676,18.125,17.742,2.62
i64,b,std::merge,12,11,1,5002276,916,11.723,12.201,12.342,12.199,1.82
i64,a,extend_sorted,12,10,2,5002276,916,26.602,27.064,27.893,27.333,3.24
i64,a,extend_scan,12,10,2,5002276,916,18.898,19.177,19.895,19.385,3.86
i64,a,extend_bsearch,12,10,2,5002276,916,29.427,30.030,30.827,30.302,3.45
i64,a,sort_network,12,10,2,5002276,916,7.343,7.468,7.918,7.563,4.28
i64,a,std::sort,12,10,2,5002276,916,25.934,26.357,27.133,26.680,5.41
i64,b,extend_sorted,12,10,2,5002276,916,22.822,23.285,24.006,23.532,3.68
i64,b,merge_sorted,12,10,2,5002276,916,17.127,17.418,18.151,17.661,4.25
i64,b,merge_branchless,12,10,2,5002276,916,30.973,31.358,32.221,31.699,3.44
i64,b,sort_network,12,10,2,5002276,916,7.329,7.453,7.903,7.556,5.02
i64,b,std::inplace_merge,12,10,2,5002276,916,25.247,25.796,26.583,26.072,4.06
i64,b,std::merge,12,10,2,5002276,916,18.298,18.658,19.388,18.852,3.79
i64,a,extend_sorted,12,9,3,5002276,916,37.206,37.627,38.324,37.757,1.37
i64,a,extend_scan,12,9,3,5002276,916,28.856,29.351,30.003,29.461,1.68
i64,a,extend_bsearch,12,9,3,5002276,916,45.366,46.165,46.910,46.313,2.70
i64,a,sort_network,12,9,3,5002276,916,7.341,7.418,7.473,7.459,2.79
i64,a,std::sort,12,9,3,5002276,916,31.489,32.459,33.575,32.696,2.99
i64,b,extend_sorted,12,9,3,5002276,916,29.658,30.051,30.692,30.148,1.31
i64,b,merge_sorted,12,9,3,5002276,916,23.520,24.416,24.761,24.385,1.79
i64,b,merge_branchless,12,9,3,5002276,916,32.226,32.522,33.179,32.637,1.18
i64,b,sort_network,12,9,3,5002276,916,7.323,7.413,7.487,7.462,2.63
i64,b,std::inplace_merge,12,9,3,5002276,916,30.962,31.448,32.181,31.584,1.73
i64,b,std::merge,12,9,3,5002276,916,23.222,23.792,24.351,23.867,1.99
i64,a,extend_sorted,12,8,4,5002276,916,47.216,47.996,48.662,48.095,0.94
i64,a,extend_scan,12,8,4,5002276,916,38.833,39.400,40.118,39.512,1.29
i64,a,extend_bsearch,12,8,4,5002276,916,60.813,61.551,62.306,61.708,2.18
i64,a,sort_network,12,8,4,5002276,916,7.369,7.438,7.499,7.473,2.29
i64,a,std::sort,12,8,4,5002276,916,39.331,41.339,42.422,41.388,2.17
i64,b,extend_sorted,12,8,4,5002276,916,34.264,34.579,35.265,34.711,1.20
i64,b,merge_sorted,12,8,4,5002276,916,30.145,30.829,31.414,30.901,1.60
i64,b,merge_branchless,12,8,4,5002276,916,34.804,35.844,36.510,35.957,1.29
i64,b,sort_network,12,8,4,5002276,916,7.321,7.400,7.475,7.450,2.90
i64,b,std::inplace_merge,12,8,4,5002276,916,36.207,36.702,37.385,36.823,1.35
i64,b,std::merge,12,8,4,5002276,916,29.310,30.050,30.676,30.152,1.64
i64,a,extend_sorted,12,6,6,5002276,916,64.969,65.831,66.543,65.898,0.91
i64,a,extend_scan,12,6,6,5002276,916,56.515,57.391,58.153,57.547,1.15
i64,a,extend_bsearch,12,6,6,5002276,916,89.825,90.921,91.710,91.053,1.69
i64,a,sort_network,12,6,6,5002276,916,7.343,7.400,7.473,7.456,3.68
i64,a,std::sort,12,6,6,5002276,916,50.853,52.473,53.455,52.507,1.72
i64,b,extend_sorted,12,6,6,5002276,916,39.973,40.418,41.130,40.593,1.55
i64,b,merge_sorted,12,6,6,5002276,916,35.731,36.175,36.821,36.298,1.24
i64,b,merge_branchless,12,6,6,5002276,916,34.366,34.644,35.308,34.774,1.22
i64,b,sort_network,12,6,6,5002276,916,7.350,7.407,7.484,7.467,4.07
i64,b,std::inplace_merge,12,6,6,5002276,916,41.887,42.753,43.461,42.890,1.94
i64,b,std::merge,12,6,6,5002276,916,33.665,34.678,35.331,34.757,1.42
i64,a,extend_sorted,12,4,8,5002276,916,78.185,79.440,80.185,79.563,1.27
i64,a,extend_scan,12,4,8,5002276,916,73.345,74.571,75.403,74.713,1.38
i64,a,extend_bsearch,12,4,8,5002276,916,115.765,117.229,118.317,117.463,1.45
i64,a,sort_network,12,4,8,5002276,916,7.380,7.449,7.520,7.506,3.60
i64,a,std::sort,12,4,8,5002276,916,62.485,63.452,64.373,63.634,2.35
i64,b,extend_sorted,12,4,8,5002276,916,33.520,34.146,34.768,34.269,1.96
i64,b,merge_sorted,12,4,8,5002276,916,31.561,32.057,32.655,32.188,2.15
i64,b,merge_branchless,12,4,8,5002276,916,33.224,33.509,34.167,33.643,1.66
i64,b,sort_network,12,4,8,5002276,916,7.330,7.405,7.481,7.450,2.58
i64,b,std::inplace_merge,12,4,8,5002276,916,36.615,38.737,39.498,38.864,2.06
i64,b,std::merge,12,4,8,5002276,916,29.547,30.607,31.255,30.580,2.24
i64,a,extend_sorted,13,12,1,5000672,992,13.537,13.814,14.229,13.903,2.43
i64,a,extend_scan,13,12,1,5000672,992,9.851,10.012,10.127,10.077,3.17
i64,a,extend_bsearch,13,12,1,5000672,992,14.412,14.638,14.775,14.704,2.08
i64,a,sort_network,13,12,1,5000672,992,7.463,7.550,7.598,7.591,2.44
i64,a,std::sort,13,12,1,5000672,992,16.025,16.473,16.761,16.560,2.27
i64,b,extend_sorted,13,12,1,5000672,992,13.549,13.787,13.930,13.847,1.88
i64,b,merge_sorted,13,12,1,5000672,992,10.337,10.484,10.566,10.561,3.29
i64,b,merge_branchless,13,12,1,5000672,992,27.866,28.281,29.014,28.406,1.26
i64,b,sort_network,13,12,1,5000672,992,7.510,7.605,7.653,7.660,3.62
i64,b,std::inplace_merge,13,12,1,5000672,992,17.545,17.855,18.522,18.026,3.01
i64,b,std::merge,13,12,1,5000672,992,12.665,12.930,13.073,13.007,3.51
i64,a,extend_sorted,13,11,2,5000672,992,26.212,26.666,27.521,26.881,2.78
i64,a,extend_scan,13,11,2,5000672,992,18.981,19.303,20.009,19.446,2.62
i64,a,extend_bsearch,13,11,2,5000672,992,28.509,29.028,29.850,29.225,2.55
i64,a,sort_network,13,11,2,5000672,992,7.457,7.548,7.622,7.615,4.02
i64,a,std::sort,13,11,2,5000672,992,23.355,23.753,24.527,23.951,3.60
i64,b,extend_sorted,13,11,2,5000672,992,22.934,23.329,24.123,23.507,2.84
i64,b,merge_sorted,13,11,2,5000672,992,17.263,17.624,18.390,17.840,3.59
i64,b,merge_branchless,13,11,2,5000672,992,33.563,33.946,34.817,34.267,4.12
i64,b,sort_network,13,11,2,5000672,992,7.439,7.538,7.611,7.604,3.75
i64,b,std::inplace_merge,13,11,2,5000672,992,26.053,26.822,27.569,27.044,4.24
i64,b,std::merge,13,11,2,5000672,992,19.003,19.409,20.172,19.577,3.54
i64,a,extend_sorted,13,10,3,5000672,992,40.374,40.971,41.760,41.115,1.24
i64,a,extend_scan,13,10,3,5000672,992,29.715,30.307,31.003,30.439,1.91
i64,a,extend_bsearch,13,10,3,5000672,992,43.705,44.352,45.107,44.480,1.34
i64,a,sort_network,13,10,3,5000672,992,7.447,7.528,7.586,7.572,2.86
i64,a,std::sort,13,10,3,5000672,992,30.411,30.965,31.632,31.082,1.86
i64,b,extend_sorted,13,10,3,5000672,992,31.806,32.246,32.944,32.364,1.60
i64,b,merge_sorted,13,10,3,5000672,992,23.551,24.269,24.845,24.336,1.67
i64,b,merge_branchless,13,10,3,5000672,992,34.837,35.285,35.916,35.394,1.22
i64,b,sort_network,13,10,3,5000672,992,7.469,7.568,7.636,7.616,3.21
i64,b,std::inplace_merge,13,10,3,5000672,992,32.165,32.716,33.436,32.852,1.57
i64,b,std::merge,13,10,3,5000672,992,24.702,25.091,25.747,25.242,4.86
i64,a,extend_sorted,13,9,4,5000672,992,53.510,54.215,54.994,54.355,1.04
i64,a,extend_scan,13,9,4,5000672,992,39.352,39.986,40.676,40.114,1.51
i64,a,extend_bsearch,13,9,4,5000672,992,58.184,58.969,59.763,59.141,1.59
i64,a,sort_network,13,9,4,5000672,992,7.469,7.528,7.588,7.575,2.87
i64,a,std::sort,13,9,4,5000672,992,38.426,39.514,40.391,39.664,2.14
i64,b,extend_sorted,13,9,4,5000672,992,38.709,39.298,39.995,39.447,1.59
i64,b,merge_sorted,13,9,4,5000672,992,30.286,31.064,31.734,31.151,1.54
i64,b,merge_branchless,13,9,4,5000672,992,37.480,37.741,38.408,37.876,1.36
i64,b,sort_network,13,9,4,5000672,992,7.447,7.505,7.580,7.566,3.12
i64,b,std::inplace_merge,13,9,4,5000672,992,38.237,38.924,39.640,39.067,1.87
i64,b,std::merge,13,9,4,5000672,992,30.374,30.862,31.577,31.027,3.91
i64,a,extend_sorted,13,7,6,5000672,992,76.298,77.193,77.954,77.267,0.91
i64,a,extend_scan,13,7,6,5000672,992,56.649,58.037,58.803,58.043,1.22
i64,a,extend_bsearch,13,7,6,5000672,992,85.521,86.768,88.058,86.948,1.22
i64,a,sort_network,13,7,6,5000672,992,7.459,7.499,7.570,7.552,2.76
i64,a,std::sort,13,7,6,5000672,992,51.919,52.944,53.732,53.031,1.26
i64,b,extend_sorted,13,7,6,5000672,992,47.238,47.765,48.498,47.933,1.31
i64,b,merge_sorted,13,7,6,5000672,992,38.079,38.539,39.242,38.667,1.21
i64,b,merge_branchless,13,7,6,5000672,992,37.124,37.383,38.053,37.570,1.19
i64,b,sort_network,13,7,6,5000672,992,7.506,7.556,7.618,7.604,2.51
i64,b,std::inplace_merge,13,7,6,5000672,992,45.012,45.526,46.325,45.772,3.02
i64,b,std::merge,13,7,6,5000672,992,37.237,37.800,38.546,37.944,1.21
i64,a,extend_sorted,13,5,8,5000672,992,92.470,93.662,94.648,93.842,1.99
i64,a,extend_scan,13,5,8,5000672,992,73.463,74.830,75.815,74.939,1.43
i64,a,extend_bsearch,13,5,8,5000672,992,110.744,111.939,113.079,112.150,1.30
i64,a,sort_network,13,5,8,5000672,992,7.467,7.517,7.592,7.578,5.27
i64,a,std::sort,13,5,8,5000672,992,63.848,64.960,65.835,65.066,1.47
i64,b,extend_sorted,13,5,8,5000672,992,45.292,45.808,46.468,45.979,1.69
i64,b,merge_sorted,13,5,8,5000672,992,36.682,37.390,38.139,37.540,1.74
i64,b,merge_branchless,13,5,8,5000672,992,36.444,36.719,37.396,36.867,1.20
i64,b,sort_network,13,5,8,5000672,992,7.455,7.497,7.574,7.546,2.71
i64,b,std::inplace_merge,13,5,8,5000672,992,41.402,42.987,43.693,43.093,1.64
i64,b,std::merge,13,5,8,5000672,992,34.911,35.578,36.331,35.708,1.49
i64,a,extend_sorted,13,1,12,5000672,992,114.875,116.462,117.689,116.771,1.51
i64,a,extend_scan,13,1,12,5000672,992,102.417,104.273,105.237,104.453,1.62
i64,a,extend_bsearch,13,1,12,5000672,992,147.555,149.331,150.632,149.700,1.54
i64,a,sort_network,13,1,12,5000672,992,7.481,7.544,7.608,7.616,4.85
i64,a,std::sort,13,1,12,5000672,992,84.783,86.424,87.387,86.577,1.36
i64,b,extend_sorted,13,1,12,5000672,992,25.950,26.180,26.836,26.408,5.25
i64,b,merge_sorted,13,1,12,5000672,992,14.279,14.416,14.679,14.521,3.36
i64,b,merge_branchless,13,1,12,5000672,992,34.978,35.305,35.978,35.499,3.62
i64,b,sort_network,13,1,12,5000672,992,7.521,7.582,7.649,7.663,5.91
i64,b,std::inplace_merge,13,1,12,5000672,992,18.124,19.142,19.518,19.024,6.14
i64,b,std::merge,13,1,12,5000672,992,12.494,12.875,13.259,12.976,3.86
i64,a,extend_sorted,14,13,1,5003989,1069,13.435,13.617,13.780,13.706,2.87
i64,a,extend_scan,14,13,1,5003989,1069,10.105,10.227,10.295,10.290,2.92
i64,a,extend_bsearch,14,13,1,5003989,1069,14.730,14.948,15.095,15.019,2.09
i64,a,sort_network,14,13,1,5003989,1069,11.252,11.352,11.425,11.428,3.18
i64,a,std::sort,14,13,1,5003989,1069,21.613,22.060,22.794,22.183,2.26
i64,b,extend_sorted,14,13,1,5003989,1069,13.538,13.741,13.881,13.818,2.34
i64,b,merge_sorted,14,13,1,5003989,1069,10.714,10.853,10.960,10.935,2.99
i64,b,merge_branchless,14,13,1,5003989,1069,30.911,31.285,32.052,31.419,1.64
i64,b,sort_network,14,13,1,5003989,1069,11.173,11.282,11.350,11.359,3.23
i64,b,std::inplace_merge,14,13,1,5003989,1069,17.571,18.270,18.635,18.261,3.47
i64,b,std::merge,14,13,1,5003989,1069,13.062,13.282,13.498,13.416,9.46
i64,a,extend_sorted,14,12,2,5003989,1069,26.209,26.593,27.372,26.727,1.93
i64,a,extend_scan,14,12,2,5003989,1069,19.864,20.216,20.920,20.338,2.77
i64,a,extend_bsearch,14,12,2,5003989,1069,29.050,29.535,30.362,29.706,2.25
i64,a,sort_network,14,12,2,5003989,1069,11.167,11.297,11.415,11.376,3.17
i64,a,std::sort,14,12,2,5003989,1069,28.544,28.979,29.825,29.174,3.48
i64,b,extend_sorted,14,12,2,5003989,1069,23.017,23.363,24.118,23.482,1.91
i64,b,merge_sorted,14,12,2,5003989,1069,17.749,18.815,19.204,18.726,3.45
i64,b,merge_branchless,14,12,2,5003989,1069,36.602,37.008,37.872,37.149,1.72
i64,b,sort_network,14,12,2,5003989,1069,11.203,11.336,11.426,11.413,3.55
i64,b,std::inplace_merge,14,12,2,5003989,1069,25.685,26.198,26.953,26.410,3.02
i64,b,std::merge,14,12,2,5003989,1069,18.661,19.024,19.474,19.133,2.50
i64,a,extend_sorted,14,11,3,5003989,1069,38.708,39.336,40.189,39.497,1.80
i64,a,extend_scan,14,11,3,5003989,1069,30.746,31.293,32.120,31.477,2.25
i64,a,extend_bsearch,14,11,3,5003989,1069,44.801,45.455,46.411,45.659,1.94
i64,a,sort_network,14,11,3,5003989,1069,11.167,11.344,11.554,11.449,4.10
i64,a,std::sort,14,11,3,5003989,1069,36.032,37.046,37.796,37.221,3.04
i64,b,extend_sorted,14,11,3,5003989,1069,31.137,31.650,32.416,31.783,1.80
i64,b,merge_sorted,14,11,3,5003989,1069,23.782,24.149,24.927,24.290,2.09
i64,b,merge_branchless,14,11,3,5003989,1069,38.206,38.672,39.484,38.821,3.73
i64,b,sort_network,14,11,3,5003989,1069,11.214,11.353,11.451,11.422,3.40
i64,b,std::inplace_merge,14,11,3,5003989,1069,31.778,32.447,33.278,32.685,2.96
i64,b,std::merge,14,11,3,5003989,1069,25.457,25.893,26.713,26.036,2.25
i64,a,extend_sorted,14,10,4,5003989,1069,52.447,53.165,54.022,53.304,1.35
i64,a,extend_scan,14,10,4,5003989,1069,40.749,41.729,42.514,41.847,1.50
i64,a,extend_bsearch,14,10,4,5003989,1069,59.275,60.232,61.151,60.400,1.47
i64,a,sort_network,14,10,4,5003989,1069,11.199,11.320,11.434,11.385,3.80
i64,a,std::sort,14,10,4,5003989,1069,44.840,45.701,46.448,45.815,2.00
i64,b,extend_sorted,14,10,4,5003989,1069,38.228,38.781,39.595,38.932,1.70
i64,b,merge_sorted,14,10,4,5003989,1069,30.785,31.552,32.384,31.692,1.70
i64,b,merge_branchless,14,10,4,5003989,1069,40.088,40.469,41.265,40.637,1.43
i64,b,sort_network,14,10,4,5003989,1069,11.201,11.325,11.419,11.401,3.65
i64,b,std::inplace_merge,14,10,4,5003989,1069,37.224,37.871,38.680,38.063,3.87
i64,b,std::merge,14,10,4,5003989,1069,30.652,31.077,31.768,31.204,1.58
i64,a,extend_sorted,14,8,6,5003989,1069,77.376,78.468,79.369,78.618,1.95
i64,a,extend_scan,14,8,6,5003989,1069,59.136,60.234,61.113,60.389,1.58
i64,a,extend_bsearch,14,8,6,5003989,1069,86.253,87.671,88.704,87.810,1.28
i64,a,sort_network,14,8,6,5003989,1069,11.265,11.382,11.522,11.455,3.44
i64,a,std::sort,14,8,6,5003989,1069,55.524,56.363,57.525,56.609,1.99
i64,b,extend_sorted,14,8,6,5003989,1069,49.343,49.997,50.821,50.152,1.44
i64,b,merge_sorted,14,8,6,5003989,1069,39.140,39.898,40.646,40.020,1.49
i64,b,merge_branchless,14,8,6,5003989,1069,39.768,40.131,40.933,40.288,1.34
i64,b,sort_network,14,8,6,5003989,1069,11.265,11.336,11.434,11.456,11.54
i64,b,std::inplace_merge,14,8,6,5003989,1069,45.852,46.457,47.355,46.656,1.73
i64,b,std::merge,14,8,6,5003989,1069,38.256,39.020,39.853,39.163,1.95
i64,a,extend_sorted,14,6,8,5003989,1069,95.059,96.347,97.355,96.521,1.70
i64,a,extend_scan,14,6,8,5003989,1069,75.919,77.633,78.621,77.765,1.67
i64,a,extend_bsearch,14,6,8,5003989,1069,112.942,114.545,115.771,114.762,1.22
i64,a,sort_network,14,6,8,5003989,1069,11.171,11.312,11.530,11.396,3.75
i64,a,std::sort,14,6,8,5003989,1069,67.323,68.173,69.179,68.369,1.68
i64,b,extend_sorted,14,6,8,5003989,1069,50.753,51.448,52.436,51.674,1.89
i64,b,merge_sorted,14,6,8,5003989,1069,40.108,40.990,41.828,41.070,1.78
i64,b,merge_branchless,14,6,8,5003989,1069,39.749,40.133,40.918,40.304,1.39
i64,b,sort_network,14,6,8,5003989,1069,11.175,11.250,11.369,11.342,3.96
i64,b,std::inplace_merge,14,6,8,5003989,1069,45.953,47.470,48.274,47.561,1.77
i64,b,std::merge,14,6,8,5003989,1069,39.059,39.593,40.424,39.759,1.49
i64,a,extend_sorted,14,2,12,5003989,1069,121.601,123.150,124.331,123.399,1.33
i64,a,extend_scan,14,2,12,5003989,1069,108.154,110.761,112.004,111.023,2.08
i64,a,extend_bsearch,14,2,12,5003989,1069,155.774,157.998,159.229,158.332,1.65
i64,a,sort_network,14,2,12,5003989,1069,11.171,11.340,11.466,11.437,4.88
i64,a,std::sort,14,2,12,5003989,1069,90.414,91.803,93.210,92.035,1.37
i64,b,extend_sorted,14,2,12,5003989,1069,32.481,33.295,33.946,33.470,3.42
i64,b,merge_sorted,14,2,12,5003989,1069,21.263,21.729,22.232,21.806,1.96
i64,b,merge_branchless,14,2,12,5003989,1069,38.033,38.345,39.123,38.490,1.45
i64,b,sort_network,14,2,12,5003989,1069,11.199,11.303,11.417,11.381,3.05
i64,b,std::inplace_merge,14,2,12,5003989,1069,26.862,27.644,28.398,27.835,4.27
i64,b,std::merge,14,2,12,5003989,1069,19.864,20.112,20.805,20.243,2.79
i64,a,extend_sorted,15,14,1,5002505,1145,13.823,14.081,14.251,14.158,2.11
i64,a,extend_scan,15,14,1,5002505,1145,16.528,16.791,17.060,16.883,2.15
i64,a,extend_bsearch,15,14,1,5002505,1145,15.283,15.521,15.706,15.592,1.69
i64,a,sort_network,15,14,1,5002505,1145,8.517,8.638,8.702,8.686,2.86
i64,a,std::sort,15,14,1,5002505,1145,17.556,17.892,18.155,17.996,2.45
i64,b,extend_sorted,15,14,1,5002505,1145,14.038,14.299,14.497,14.376,2.20
i64,b,merge_sorted,15,14,1,5002505,1145,12.204,12.404,12.507,12.471,2.81
i64,b,merge_branchless,15,14,1,5002505,1145,33.402,33.858,34.723,34.036,1.59
i64,b,sort_network,15,14,1,5002505,1145,8.517,8.629,8.693,8.678,2.47
i64,b,std::inplace_merge,15,14,1,5002505,1145,17.648,17.947,18.905,18.182,3.63
i64,b,std::merge,15,14,1,5002505,1145,12.845,13.042,13.594,13.146,2.69
i64,a,extend_sorted,15,13,2,5002505,1145,27.023,27.503,28.462,27.706,2.48
i64,a,extend_scan,15,13,2,5002505,1145,34.144,34.659,35.551,34.869,2.37
i64,a,extend_bsearch,15,13,2,5002505,1145,30.502,30.976,31.811,31.148,2.30
i64,a,sort_network,15,13,2,5002505,1145,8.551,8.654,8.734,8.709,3.22
i64,a,std::sort,15,13,2,5002505,1145,25.313,25.727,26.577,25.902,3.23
i64,b,extend_sorted,15,13,2,5002505,1145,24.340,24.816,25.596,24.960,2.20
i64,b,merge_sorted,15,13,2,5002505,1145,19.501,19.868,20.543,19.989,2.85
i64,b,merge_branchless,15,13,2,5002505,1145,39.126,39.406,40.327,39.641,1.68
i64,b,sort_network,15,13,2,5002505,1145,8.517,8.615,8.675,8.660,2.52
i64,b,std::inplace_merge,15,13,2,5002505,1145,25.853,26.849,27.346,26.846,3.12
i64,b,std::merge,15,13,2,5002505,1145,19.398,19.845,20.623,19.964,2.51
i64,a,extend_sorted,15,12,3,5002505,1145,42.455,43.189,44.225,43.396,1.68
i64,a,extend_scan,15,12,3,5002505,1145,52.885,53.872,54.828,54.070,1.72
i64,a,extend_bsearch,15,12,3,5002505,1145,46.971,47.881,48.834,48.072,1.81
i64,a,sort_network,15,12,3,5002505,1145,8.561,8.666,8.750,8.728,4.63
i64,a,std::sort,15,12,3,5002505,1145,33.711,34.608,35.635,34.874,3.14
i64,b,extend_sorted,15,12,3,5002505,1145,34.379,35.009,35.819,35.152,1.74
i64,b,merge_sorted,15,12,3,5002505,1145,26.215,26.824,27.591,26.972,2.68
i64,b,merge_branchless,15,12,3,5002505,1145,40.081,41.090,41.869,41.145,1.94
i64,b,sort_network,15,12,3,5002505,1145,8.531,8.652,8.728,8.695,2.56
i64,b,std::inplace_merge,15,12,3,5002505,1145,32.031,33.011,33.854,33.184,4.20
i64,b,std::merge,15,12,3,5002505,1145,25.773,26.412,27.069,26.533,2.48
i64,a,extend_sorted,15,11,4,5002505,1145,56.193,57.133,58.049,57.275,1.31
i64,a,extend_scan,15,11,4,5002505,1145,69.352,70.382,71.440,70.582,1.46
i64,a,extend_bsearch,15,11,4,5002505,1145,61.931,63.027,63.987,63.209,1.62
i64,a,sort_network,15,11,4,5002505,1145,8.526,8.638,8.723,8.683,2.43
i64,a,std::sort,15,11,4,5002505,1145,42.308,43.146,44.019,43.366,3.56
i64,b,extend_sorted,15,11,4,5002505,1145,41.741,42.427,43.304,42.606,1.81
i64,b,merge_sorted,15,11,4,5002505,1145,33.194,33.766,34.550,33.939,2.09
i64,b,merge_branchless,15,11,4,5002505,1145,42.635,43.132,43.904,43.263,3.22
i64,b,sort_network,15,11,4,5002505,1145,8.547,8.659,8.746,8.712,3.16
i64,b,std::inplace_merge,15,11,4,5002505,1145,38.115,38.854,39.856,39.114,2.50
i64,b,std::merge,15,11,4,5002505,1145,31.159,32.349,33.101,32.425,2.05
i64,a,extend_sorted,15,9,6,5002505,1145,81.620,82.817,83.765,82.932,1.69
i64,a,extend_scan,15,9,6,5002505,1145,102.479,103.994,105.119,104.162,1.35
i64,a,extend_bsearch,15,9,6,5002505,1145,90.538,91.934,92.946,92.033,1.23
i64,a,sort_network,15,9,6,5002505,1145,8.545,8.641,8.718,8.688,2.90
i64,a,std::sort,15,9,6,5002505,1145,54.728,55.845,56.907,56.020,1.75
i64,b,extend_sorted,15,9,6,5002505,1145,53.096,53.876,54.647,53.985,1.38
i64,b,merge_sorted,15,9,6,5002505,1145,42.237,42.894,43.644,43.018,1.41
i64,b,merge_branchless,15,9,6,5002505,1145,42.253,42.610,43.389,42.775,1.49
i64,b,sort_network,15,9,6,5002505,1145,8.540,8.615,8.692,8.674,3.29
i64,b,std::inplace_merge,15,9,6,5002505,1145,47.069,47.865,48.785,48.077,2.13
i64,b,std::merge,15,9,6,5002505,1145,39.969,40.875,41.660,41.000,1.41
i64,a,extend_sorted,15,7,8,5002505,1145,105.086,106.564,107.517,106.597,0.78
i64,a,extend_scan,15,7,8,5002505,1145,131.637,133.867,135.004,133.920,0.82
i64,a,extend_bsearch,15,7,8,5002505,1145,118.460,120.383,121.375,120.461,1.20
i64,a,sort_network,15,7,8,5002505,1145,8.531,8.618,8.702,8.664,2.20
i64,a,std::sort,15,7,8,5002505,1145,68.317,70.214,71.315,70.306,2.17
i64,b,extend_sorted,15,7,8,5002505,1145,58.967,59.754,60.568,59.862,0.94
i64,b,merge_sorted,15,7,8,5002505,1145,45.561,46.304,47.020,46.404,1.10
i64,b,merge_branchless,15,7,8,5002505,1145,42.601,43.148,43.900,43.258,1.03
i64,b,sort_network,15,7,8,5002505,1145,8.519,8.590,8.656,8.631,2.45
i64,b,std::inplace_merge,15,7,8,5002505,1145,50.049,51.642,52.572,51.785,1.26
i64,b,std::merge,15,7,8,5002505,1145,42.997,43.528,44.363,43.667,1.22
i64,a,extend_sorted,15,3,12,5002505,1145,135.281,136.991,138.293,137.252,1.21
i64,a,extend_scan,15,3,12,5002505,1145,172.531,175.337,176.912,175.702,1.59
i64,a,extend_bsearch,15,3,12,5002505,1145,166.760,168.960,170.377,169.305,1.47
i64,a,sort_network,15,3,12,5002505,1145,8.537,8.641,8.737,8.706,3.48
i64,a,std::sort,15,3,12,5002505,1145,91.753,93.694,95.016,93.862,1.50
i64,b,extend_sorted,15,3,12,5002505,1145,42.896,43.503,44.355,43.794,3.68
i64,b,merge_sorted,15,3,12,5002505,1145,30.211,30.680,31.448,30.828,2.46
i64,b,merge_branchless,15,3,12,5002505,1145,41.374,41.702,42.554,41.870,1.39
i64,b,sort_network,15,3,12,5002505,1145,8.506,8.611,8.693,8.668,3.80
i64,b,std::inplace_merge,15,3,12,5002505,1145,32.294,32.871,34.222,33.263,2.78
i64,b,std::merge,15,3,12,5002505,1145,26.451,26.876,27.711,27.026,2.27
i64,a,extend_sorted,16,15,1,5001216,1221,14.568,14.781,14.942,14.857,2.39
i64,a,extend_scan,16,15,1,5001216,1221,17.151,17.408,17.566,17.493,2.16
i64,a,extend_bsearch,16,15,1,5001216,1221,15.012,15.354,15.574,15.436,2.58
i64,a,sort_network,16,15,1,5001216,1221,13.284,13.416,13.513,13.482,2.46
i64,a,std::sort,16,15,1,5001216,1221,23.274,24.476,25.308,24.607,2.68
i64,b,extend_sorted,16,15,1,5001216,1221,14.700,14.952,15.083,15.014,1.97
i64,b,merge_sorted,16,15,1,5001216,1221,12.479,12.622,12.747,12.707,3.77
i64,b,merge_branchless,16,15,1,5001216,1221,35.919,36.365,37.367,36.617,4.22
i64,b,sort_network,16,15,1,5001216,1221,13.223,13.369,13.477,13.444,2.06
i64,b,std::inplace_merge,16,15,1,5001216,1221,17.696,18.284,18.479,18.352,3.40
i64,b,std::merge,16,15,1,5001216,1221,13.648,13.916,14.073,14.000,3.12
i64,a,extend_sorted,16,14,2,5001216,1221,28.414,28.988,29.906,29.144,2.01
i64,a,extend_scan,16,14,2,5001216,1221,34.805,35.348,36.214,35.499,1.74
i64,a,extend_bsearch,16,14,2,5001216,1221,30.770,31.209,32.044,31.333,1.73
i64,a,sort_network,16,14,2,5001216,1221,13.282,13.452,13.548,13.517,1.89
i64,a,std::sort,16,14,2,5001216,1221,31.358,31.937,32.816,32.081,2.09
i64,b,extend_sorted,16,14,2,5001216,1221,25.501,26.041,26.737,26.152,2.36
i64,b,merge_sorted,16,14,2,5001216,1221,19.888,20.218,20.489,20.339,3.34
i64,b,merge_branchless,16,14,2,5001216,1221,41.532,41.988,42.977,42.222,1.76
i64,b,sort_network,16,14,2,5001216,1221,13.233,13.394,13.523,13.475,2.28
i64,b,std::inplace_merge,16,14,2,5001216,1221,26.776,27.276,28.048,27.468,3.14
i64,b,std::merge,16,14,2,5001216,1221,19.454,19.922,20.342,20.051,3.02
i64,a,extend_sorted,16,13,3,5001216,1221,41.080,41.610,42.467,41.766,1.44
i64,a,extend_scan,16,13,3,5001216,1221,49.630,50.475,51.508,50.685,1.62
i64,a,extend_bsearch,16,13,3,5001216,1221,47.552,48.209,49.132,48.412,2.87
i64,a,sort_network,16,13,3,5001216,1221,13.299,13.438,13.545,13.494,1.83
i64,a,std::sort,16,13,3,5001216,1221,39.181,39.730,40.509,39.912,2.48
i64,b,extend_sorted,16,13,3,5001216,1221,33.824,34.276,35.199,34.450,2.00
i64,b,merge_sorted,16,13,3,5001216,1221,26.827,27.515,28.013,27.555,2.47
i64,b,merge_branchless,16,13,3,5001216,1221,43.175,43.595,44.552,43.796,1.54
i64,b,sort_network,16,13,3,5001216,1221,13.230,13.335,13.440,13.404,2.45
i64,b,std::inplace_merge,16,13,3,5001216,1221,32.823,33.468,34.383,33.638,2.11
i64,b,std::merge,16,13,3,5001216,1221,25.999,26.634,27.510,26.759,2.20
i64,a,extend_sorted,16,12,4,5001216,1221,53.693,54.325,55.306,54.582,2.73
i64,a,extend_scan,16,12,4,5001216,1221,65.580,66.579,67.672,66.779,1.49
i64,a,extend_bsearch,16,12,4,5001216,1221,62.760,63.563,64.506,63.757,1.52
i64,a,sort_network,16,12,4,5001216,1221,13.289,13.399,13.523,13.467,2.23
i64,a,std::sort,16,12,4,5001216,1221,47.591,48.285,49.342,48.540,2.55
i64,b,extend_sorted,16,12,4,5001216,1221,41.046,41.551,42.384,41.719,1.59
i64,b,merge_sorted,16,12,4,5001216,1221,33.621,34.010,34.859,34.178,1.80
i64,b,merge_branchless,16,12,4,5001216,1221,44.684,44.979,45.936,45.141,1.31
i64,b,sort_network,16,12,4,5001216,1221,13.255,13.370,13.484,13.430,2.25
i64,b,std::inplace_merge,16,12,4,5001216,1221,38.651,39.815,40.863,40.036,2.39
i64,b,std::merge,16,12,4,5001216,1221,31.856,32.567,32.948,32.677,1.90
i64,a,extend_sorted,16,10,6,5001216,1221,82.067,83.286,84.238,83.440,1.82
i64,a,extend_scan,16,10,6,5001216,1221,101.545,103.167,104.404,103.333,1.22
i64,a,extend_bsearch,16,10,6,5001216,1221,91.999,93.542,94.668,93.685,1.24
i64,a,sort_network,16,10,6,5001216,1221,13.279,13.377,13.511,13.455,2.44
i64,a,std::sort,16,10,6,5001216,1221,60.590,61.256,62.489,61.584,2.03
i64,b,extend_sorted,16,10,6,5001216,1221,52.911,53.864,54.789,54.087,1.67
i64,b,merge_sorted,16,10,6,5001216,1221,43.617,44.098,44.955,44.276,1.30
i64,b,merge_branchless,16,10,6,5001216,1221,44.771,45.060,45.973,45.312,1.56
i64,b,sort_network,16,10,6,5001216,1221,13.238,13.313,13.477,13.402,1.93
i64,b,std::inplace_merge,16,10,6,5001216,1221,48.158,48.744,49.725,49.007,1.85
i64,b,std::merge,16,10,6,5001216,1221,40.943,41.973,42.818,42.088,1.76
