type,n,f,p,algo,ns_per_suffix_elem,k_ratio
pair64f,65536,0.10,0.10,ref,6.0806,1.000
pair64f,65536,0.10,0.10,exact,0.4881,1.000
pair64f,65536,0.10,0.10,two_phase,0.4089,1.036
pair64f,65536,0.10,0.10,pivot_first,0.3674,1.036
pair64f,65536,0.10,0.10,ninther_first,0.4898,1.000
pair64f,65536,0.10,0.50,ref,5.7096,1.000
pair64f,65536,0.10,0.50,exact,1.1878,1.000
pair64f,65536,0.10,0.50,two_phase,0.5242,0.954
pair64f,65536,0.10,0.50,pivot_first,0.4730,0.954
pair64f,65536,0.10,0.50,ninther_first,0.4303,0.750
pair64f,65536,0.10,0.90,ref,3.8438,1.000
pair64f,65536,0.10,0.90,exact,1.5386,1.000
pair64f,65536,0.10,0.90,two_phase,0.5766,0.997
pair64f,65536,0.10,0.90,pivot_first,0.5429,0.997
pair64f,65536,0.10,0.90,ninther_first,0.5200,0.929
pair64f,65536,0.50,0.10,ref,0.9857,1.000
pair64f,65536,0.50,0.10,exact,0.5143,1.000
pair64f,65536,0.50,0.10,two_phase,0.4184,0.911
pair64f,65536,0.50,0.10,pivot_first,0.3794,0.911
pair64f,65536,0.50,0.10,ninther_first,0.5152,1.000
pair64f,65536,0.50,0.50,ref,10.2909,1.000
pair64f,65536,0.50,0.50,exact,1.2757,1.000
pair64f,65536,0.50,0.50,two_phase,0.5860,0.919
pair64f,65536,0.50,0.50,pivot_first,0.4950,0.919
pair64f,65536,0.50,0.50,ninther_first,1.2922,1.000
pair64f,65536,0.50,0.90,ref,3.9244,1.000
pair64f,65536,0.50,0.90,exact,1.7405,1.000
pair64f,65536,0.50,0.90,two_phase,0.7318,0.962
pair64f,65536,0.50,0.90,pivot_first,0.5985,0.962
pair64f,65536,0.50,0.90,ninther_first,0.5383,0.843
pair64f,65536,0.90,0.10,ref,4.6768,0.998
pair64f,65536,0.90,0.10,exact,0.4898,0.998
pair64f,65536,0.90,0.10,two_phase,0.5111,1.145
pair64f,65536,0.90,0.10,pivot_first,0.4684,1.145
pair64f,65536,0.90,0.10,ninther_first,0.4959,0.998
pair64f,65536,0.90,0.50,ref,27.1569,1.000
pair64f,65536,0.90,0.50,exact,1.2847,1.000
pair64f,65536,0.90,0.50,two_phase,0.7522,0.988
pair64f,65536,0.90,0.50,pivot_first,0.6286,0.988
pair64f,65536,0.90,0.50,ninther_first,1.2864,1.000
pair64f,65536,0.90,0.90,ref,7.9374,1.000
pair64f,65536,0.90,0.90,exact,1.6861,1.000
pair64f,65536,0.90,0.90,two_phase,0.8407,0.967
pair64f,65536,0.90,0.90,pivot_first,0.7354,0.967
pair64f,65536,0.90,0.90,ninther_first,0.4930,0.660
pair64f,1048576,0.10,0.10,ref,5.5852,1.000
pair64f,1048576,0.10,0.10,exact,0.5483,1.000
pair64f,1048576,0.10,0.10,two_phase,0.4348,0.805
pair64f,1048576,0.10,0.10,pivot_first,0.4006,0.805
pair64f,1048576,0.10,0.10,ninther_first,0.5421,1.000
pair64f,1048576,0.10,0.50,ref,4.0266,1.000
pair64f,1048576,0.10,0.50,exact,1.0884,1.000
pair64f,1048576,0.10,0.50,two_phase,0.5486,0.980
pair64f,1048576,0.10,0.50,pivot_first,0.4863,0.980
pair64f,1048576,0.10,0.50,ninther_first,1.0926,1.000
pair64f,1048576,0.10,0.90,ref,4.9411,1.000
pair64f,1048576,0.10,0.90,exact,1.4586,1.000
pair64f,1048576,0.10,0.90,two_phase,0.5804,1.033
pair64f,1048576,0.10,0.90,pivot_first,0.5447,1.033
pair64f,1048576,0.10,0.90,ninther_first,0.5360,1.094
pair64f,1048576,0.50,0.10,ref,4.5573,1.000
pair64f,1048576,0.50,0.10,exact,0.5247,1.000
pair64f,1048576,0.50,0.10,two_phase,0.4285,1.096
pair64f,1048576,0.50,0.10,pivot_first,0.3884,1.096
pair64f,1048576,0.50,0.10,ninther_first,0.5245,1.000
pair64f,1048576,0.50,0.50,ref,8.3210,1.000
pair64f,1048576,0.50,0.50,exact,1.2543,1.000
pair64f,1048576,0.50,0.50,two_phase,0.6033,0.993
pair64f,1048576,0.50,0.50,pivot_first,0.4853,0.993
pair64f,1048576,0.50,0.50,ninther_first,1.2545,1.000
pair64f,1048576,0.50,0.90,ref,12.0059,1.000
pair64f,1048576,0.50,0.90,exact,2.1123,1.000
pair64f,1048576,0.50,0.90,two_phase,0.7263,0.979
pair64f,1048576,0.50,0.90,pivot_first,0.5816,0.979
pair64f,1048576,0.50,0.90,ninther_first,0.6202,1.172
pair64f,1048576,0.90,0.10,ref,26.1970,1.000
pair64f,1048576,0.90,0.10,exact,0.5203,1.000
pair64f,1048576,0.90,0.10,two_phase,0.4061,0.876
pair64f,1048576,0.90,0.10,pivot_first,0.3558,0.876
pair64f,1048576,0.90,0.10,ninther_first,0.5216,1.000
pair64f,1048576,0.90,0.50,ref,52.1094,1.000
pair64f,1048576,0.90,0.50,exact,1.4482,1.000
pair64f,1048576,0.90,0.50,two_phase,0.6156,1.083
pair64f,1048576,0.90,0.50,pivot_first,0.4969,1.083
pair64f,1048576,0.90,0.50,ninther_first,1.4409,1.000
pair64f,1048576,0.90,0.90,ref,44.0100,1.000
pair64f,1048576,0.90,0.90,exact,2.0279,1.000
pair64f,1048576,0.90,0.90,two_phase,0.7470,1.054
pair64f,1048576,0.90,0.90,pivot_first,0.6087,1.054
pair64f,1048576,0.90,0.90,ninther_first,0.4635,0.518
pair64f,4194304,0.10,0.10,ref,6.9576,1.000
pair64f,4194304,0.10,0.10,exact,1.0540,1.000
pair64f,4194304,0.10,0.10,two_phase,0.8355,0.973
pair64f,4194304,0.10,0.10,pivot_first,0.7911,0.973
pair64f,4194304,0.10,0.10,ninther_first,1.0574,1.000
pair64f,4194304,0.10,0.50,ref,6.4937,1.000
pair64f,4194304,0.10,0.50,exact,1.8437,1.000
pair64f,4194304,0.10,0.50,two_phase,1.1091,1.029
pair64f,4194304,0.10,0.50,pivot_first,0.9972,1.029
pair64f,4194304,0.10,0.50,ninther_first,1.0518,1.462
pair64f,4194304,0.10,0.90,ref,6.4301,1.000
pair64f,4194304,0.10,0.90,exact,2.4433,1.000
pair64f,4194304,0.10,0.90,two_phase,1.1643,0.917
pair64f,4194304,0.10,0.90,pivot_first,1.0636,0.917
pair64f,4194304,0.10,0.90,ninther_first,1.0777,1.229
pair64f,4194304,0.50,0.10,ref,8.2481,1.000
pair64f,4194304,0.50,0.10,exact,1.0349,1.000
pair64f,4194304,0.50,0.10,two_phase,0.8711,1.082
pair64f,4194304,0.50,0.10,pivot_first,0.8012,1.082
pair64f,4194304,0.50,0.10,ninther_first,1.0329,1.000
pair64f,4194304,0.50,0.50,ref,3.8931,1.000
pair64f,4194304,0.50,0.50,exact,2.4449,1.000
pair64f,4194304,0.50,0.50,two_phase,1.3562,1.121
pair64f,4194304,0.50,0.50,pivot_first,1.1119,1.121
pair64f,4194304,0.50,0.50,ninther_first,1.1608,1.294
pair64f,4194304,0.50,0.90,ref,10.8064,1.000
pair64f,4194304,0.50,0.90,exact,3.7333,1.000
pair64f,4194304,0.50,0.90,two_phase,1.6405,0.996
pair64f,4194304,0.50,0.90,pivot_first,1.3158,0.996
pair64f,4194304,0.50,0.90,ninther_first,1.3497,1.063
pair64f,4194304,0.90,0.10,ref,15.5069,1.000
pair64f,4194304,0.90,0.10,exact,1.0033,1.000
pair64f,4194304,0.90,0.10,two_phase,0.8872,1.269
pair64f,4194304,0.90,0.10,pivot_first,0.7793,1.269
pair64f,4194304,0.90,0.10,ninther_first,1.0308,1.000
pair64f,4194304,0.90,0.50,ref,55.0322,1.000
pair64f,4194304,0.90,0.50,exact,2.3644,1.000
pair64f,4194304,0.90,0.50,two_phase,1.1677,0.947
pair64f,4194304,0.90,0.50,pivot_first,1.0079,0.947
pair64f,4194304,0.90,0.50,ninther_first,2.3501,1.000
pair64f,4194304,0.90,0.90,ref,33.6164,1.000
pair64f,4194304,0.90,0.90,exact,3.3107,1.000
pair64f,4194304,0.90,0.90,two_phase,1.5500,0.985
pair64f,4194304,0.90,0.90,pivot_first,1.1875,0.985
pair64f,4194304,0.90,0.90,ninther_first,1.1113,0.778
i64,65536,0.10,0.10,ref,5.6503,1.000
i64,65536,0.10,0.10,exact,0.4647,1.000
i64,65536,0.10,0.10,two_phase,0.3701,1.036
i64,65536,0.10,0.10,pivot_first,0.3501,1.036
i64,65536,0.10,0.10,ninther_first,0.4681,1.000
i64,65536,0.10,0.50,ref,5.3468,1.000
i64,65536,0.10,0.50,exact,1.1180,1.000
i64,65536,0.10,0.50,two_phase,0.4695,0.954
i64,65536,0.10,0.50,pivot_first,0.4530,0.954
i64,65536,0.10,0.50,ninther_first,0.4128,0.750
i64,65536,0.10,0.90,ref,3.5761,1.000
i64,65536,0.10,0.90,exact,1.4383,1.000
i64,65536,0.10,0.90,two_phase,0.5115,0.997
i64,65536,0.10,0.90,pivot_first,0.5042,0.997
i64,65536,0.10,0.90,ninther_first,0.4796,0.929
i64,65536,0.50,0.10,ref,0.9018,1.000
i64,65536,0.50,0.10,exact,0.6214,1.000
i64,65536,0.50,0.10,two_phase,0.3781,0.911
i64,65536,0.50,0.10,pivot_first,0.3613,0.911
i64,65536,0.50,0.10,ninther_first,0.6229,1.000
i64,65536,0.50,0.50,ref,9.7574,1.000
i64,65536,0.50,0.50,exact,1.1197,1.000
i64,65536,0.50,0.50,two_phase,0.4962,0.919
i64,65536,0.50,0.50,pivot_first,0.4788,0.919
i64,65536,0.50,0.50,ninther_first,1.1264,1.000
i64,65536,0.50,0.90,ref,3.6857,1.000
i64,65536,0.50,0.90,exact,1.3120,1.000
i64,65536,0.50,0.90,two_phase,0.5680,0.962
i64,65536,0.50,0.90,pivot_first,0.5655,0.962
i64,65536,0.50,0.90,ninther_first,0.4797,0.843
i64,65536,0.90,0.10,ref,4.6294,0.998
i64,65536,0.90,0.10,exact,0.6576,0.998
i64,65536,0.90,0.10,two_phase,0.4821,1.145
i64,65536,0.90,0.10,pivot_first,0.4472,1.145
i64,65536,0.90,0.10,ninther_first,0.6561,0.998
i64,65536,0.90,0.50,ref,28.1486,1.000
i64,65536,0.90,0.50,exact,1.1077,1.000
i64,65536,0.90,0.50,two_phase,0.6378,0.988
i64,65536,0.90,0.50,pivot_first,0.6073,0.988
i64,65536,0.90,0.50,ninther_first,1.1123,1.000
i64,65536,0.90,0.90,ref,7.7635,1.000
i64,65536,0.90,0.90,exact,1.2740,1.000
i64,65536,0.90,0.90,two_phase,0.7049,0.967
i64,65536,0.90,0.90,pivot_first,0.7080,0.967
i64,65536,0.90,0.90,ninther_first,0.4821,0.660
i64,1048576,0.10,0.10,ref,5.1481,1.000
i64,1048576,0.10,0.10,exact,0.4870,1.000
i64,1048576,0.10,0.10,two_phase,0.3829,0.805
i64,1048576,0.10,0.10,pivot_first,0.3702,0.805
i64,1048576,0.10,0.10,ninther_first,0.4879,1.000
i64,1048576,0.10,0.50,ref,3.6587,1.000
i64,1048576,0.10,0.50,exact,1.0111,1.000
i64,1048576,0.10,0.50,two_phase,0.4737,0.980
i64,1048576,0.10,0.50,pivot_first,0.4571,0.980
i64,1048576,0.10,0.50,ninther_first,1.0129,1.000
i64,1048576,0.10,0.90,ref,4.5973,1.000
i64,1048576,0.10,0.90,exact,1.3525,1.000
i64,1048576,0.10,0.90,two_phase,0.5050,1.033
i64,1048576,0.10,0.90,pivot_first,0.5000,1.033
i64,1048576,0.10,0.90,ninther_first,0.5020,1.094
i64,1048576,0.50,0.10,ref,4.1968,1.000
i64,1048576,0.50,0.10,exact,0.6327,1.000
i64,1048576,0.50,0.10,two_phase,0.3838,1.096
i64,1048576,0.50,0.10,pivot_first,0.3702,1.096
i64,1048576,0.50,0.10,ninther_first,0.6326,1.000
i64,1048576,0.50,0.50,ref,7.7973,1.000
i64,1048576,0.50,0.50,exact,1.0941,1.000
i64,1048576,0.50,0.50,two_phase,0.4911,0.993
i64,1048576,0.50,0.50,pivot_first,0.4658,0.993
i64,1048576,0.50,0.50,ninther_first,1.0933,1.000
i64,1048576,0.50,0.90,ref,11.3081,1.000
i64,1048576,0.50,0.90,exact,1.4906,1.000
i64,1048576,0.50,0.90,two_phase,0.5424,0.979
i64,1048576,0.50,0.90,pivot_first,0.5498,0.979
i64,1048576,0.50,0.90,ninther_first,0.4781,1.172
i64,1048576,0.90,0.10,ref,24.8074,1.000
i64,1048576,0.90,0.10,exact,0.6334,1.000
i64,1048576,0.90,0.10,two_phase,0.3631,0.876
i64,1048576,0.90,0.10,pivot_first,0.3445,0.876
i64,1048576,0.90,0.10,ninther_first,0.6345,1.000
i64,1048576,0.90,0.50,ref,49.4209,1.000
i64,1048576,0.90,0.50,exact,0.9415,1.000
i64,1048576,0.90,0.50,two_phase,0.5016,1.083
i64,1048576,0.90,0.50,pivot_first,0.4766,1.083
i64,1048576,0.90,0.50,ninther_first,0.9471,1.000
i64,1048576,0.90,0.90,ref,41.6634,1.000
i64,1048576,0.90,0.90,exact,1.8355,1.000
i64,1048576,0.90,0.90,two_phase,0.5696,1.054
i64,1048576,0.90,0.90,pivot_first,0.5698,1.054
i64,1048576,0.90,0.90,ninther_first,0.4740,0.518
i64,4194304,0.10,0.10,ref,6.0588,1.000
i64,4194304,0.10,0.10,exact,0.6469,1.000
i64,4194304,0.10,0.10,two_phase,0.5249,0.973
i64,4194304,0.10,0.10,pivot_first,0.4715,0.973
i64,4194304,0.10,0.10,ninther_first,0.6441,1.000
i64,4194304,0.10,0.50,ref,5.8187,1.000
i64,4194304,0.10,0.50,exact,1.1743,1.000
i64,4194304,0.10,0.50,two_phase,0.6286,1.029
i64,4194304,0.10,0.50,pivot_first,0.5821,1.029
i64,4194304,0.10,0.50,ninther_first,0.5812,1.462
i64,4194304,0.10,0.90,ref,5.6847,1.000
i64,4194304,0.10,0.90,exact,1.5738,1.000
i64,4194304,0.10,0.90,two_phase,0.5586,0.917
i64,4194304,0.10,0.90,pivot_first,0.5714,0.917
i64,4194304,0.10,0.90,ninther_first,0.5731,1.229
i64,4194304,0.50,0.10,ref,7.5409,1.000
i64,4194304,0.50,0.10,exact,0.6699,1.000
i64,4194304,0.50,0.10,two_phase,0.5114,1.082
i64,4194304,0.50,0.10,pivot_first,0.4520,1.082
i64,4194304,0.50,0.10,ninther_first,0.6564,1.000
i64,4194304,0.50,0.50,ref,3.1309,1.000
i64,4194304,0.50,0.50,exact,1.1233,1.000
i64,4194304,0.50,0.50,two_phase,0.6150,1.121
i64,4194304,0.50,0.50,pivot_first,0.6282,1.121
i64,4194304,0.50,0.50,ninther_first,0.6637,1.294
i64,4194304,0.50,0.90,ref,9.6336,1.000
i64,4194304,0.50,0.90,exact,2.1832,1.000
i64,4194304,0.50,0.90,two_phase,0.6843,0.996
i64,4194304,0.50,0.90,pivot_first,0.7118,0.996
i64,4194304,0.50,0.90,ninther_first,0.7172,1.063
i64,4194304,0.90,0.10,ref,13.3344,1.000
i64,4194304,0.90,0.10,exact,0.6520,1.000
i64,4194304,0.90,0.10,two_phase,0.4814,1.269
i64,4194304,0.90,0.10,pivot_first,0.4475,1.269
i64,4194304,0.90,0.10,ninther_first,0.6461,1.000
i64,4194304,0.90,0.50,ref,51.8367,1.000
i64,4194304,0.90,0.50,exact,1.1764,1.000
i64,4194304,0.90,0.50,two_phase,0.5677,0.947
i64,4194304,0.90,0.50,pivot_first,0.5054,0.947
i64,4194304,0.90,0.50,ninther_first,1.1628,1.000
i64,4194304,0.90,0.90,ref,30.9767,1.000
i64,4194304,0.90,0.90,exact,1.8158,1.000
i64,4194304,0.90,0.90,two_phase,0.6623,0.985
i64,4194304,0.90,0.90,pivot_first,0.5876,0.985
i64,4194304,0.90,0.90,ninther_first,0.5354,0.778
pair64,65536,0.10,0.10,ref,7.7788,1.000
pair64,65536,0.10,0.10,exact,0.8860,1.000
pair64,65536,0.10,0.10,two_phase,0.7482,1.036
pair64,65536,0.10,0.10,pivot_first,0.7418,1.036
pair64,65536,0.10,0.10,ninther_first,0.8881,1.000
pair64,65536,0.10,0.50,ref,7.3135,1.000
pair64,65536,0.10,0.50,exact,1.9194,1.000
pair64,65536,0.10,0.50,two_phase,0.8413,0.954
pair64,65536,0.10,0.50,pivot_first,0.8014,0.954
pair64,65536,0.10,0.50,ninther_first,0.7643,0.750
pair64,65536,0.10,0.90,ref,5.1494,1.000
pair64,65536,0.10,0.90,exact,2.5308,1.000
pair64,65536,0.10,0.90,two_phase,0.8886,0.997
pair64,65536,0.10,0.90,pivot_first,0.8492,0.997
pair64,65536,0.10,0.90,ninther_first,0.8275,0.929
pair64,65536,0.50,0.10,ref,2.3875,1.000
pair64,65536,0.50,0.10,exact,0.9211,1.000
pair64,65536,0.50,0.10,two_phase,0.7697,0.911
pair64,65536,0.50,0.10,pivot_first,0.7572,0.911
pair64,65536,0.50,0.10,ninther_first,0.9168,1.000
pair64,65536,0.50,0.50,ref,13.0031,1.000
pair64,65536,0.50,0.50,exact,2.0353,1.000
pair64,65536,0.50,0.50,two_phase,0.9201,0.919
pair64,65536,0.50,0.50,pivot_first,0.8365,0.919
pair64,65536,0.50,0.50,ninther_first,2.0371,1.000
pair64,65536,0.50,0.90,ref,5.4662,1.000
pair64,65536,0.50,0.90,exact,2.6197,1.000
pair64,65536,0.50,0.90,two_phase,1.0623,0.962
pair64,65536,0.50,0.90,pivot_first,0.9183,0.962
pair64,65536,0.50,0.90,ninther_first,0.8499,0.843
pair64,65536,0.90,0.10,ref,9.4541,0.998
pair64,65536,0.90,0.10,exact,0.8636,0.998
pair64,65536,0.90,0.10,two_phase,0.8850,1.145
pair64,65536,0.90,0.10,pivot_first,0.8621,1.145
pair64,65536,0.90,0.10,ninther_first,0.8651,0.998
pair64,65536,0.90,0.50,ref,35.8526,1.000
pair64,65536,0.90,0.50,exact,1.8767,1.000
pair64,65536,0.90,0.50,two_phase,1.1199,0.988
pair64,65536,0.90,0.50,pivot_first,1.0131,0.988
pair64,65536,0.90,0.50,ninther_first,1.8860,1.000
pair64,65536,0.90,0.90,ref,14.5748,1.000
pair64,65536,0.90,0.90,exact,2.6137,1.000
pair64,65536,0.90,0.90,two_phase,1.2069,0.967
pair64,65536,0.90,0.90,pivot_first,1.1031,0.967
pair64,65536,0.90,0.90,ninther_first,0.7995,0.660
pair64,1048576,0.10,0.10,ref,6.9184,1.000
pair64,1048576,0.10,0.10,exact,0.9400,1.000
pair64,1048576,0.10,0.10,two_phase,0.7296,0.805
pair64,1048576,0.10,0.10,pivot_first,0.7333,0.805
pair64,1048576,0.10,0.10,ninther_first,0.9370,1.000
pair64,1048576,0.10,0.50,ref,4.7869,1.000
pair64,1048576,0.10,0.50,exact,1.6879,1.000
pair64,1048576,0.10,0.50,two_phase,0.8351,0.980
pair64,1048576,0.10,0.50,pivot_first,0.7935,0.980
pair64,1048576,0.10,0.50,ninther_first,1.6873,1.000
pair64,1048576,0.10,0.90,ref,6.3181,1.000
pair64,1048576,0.10,0.90,exact,2.3290,1.000
pair64,1048576,0.10,0.90,two_phase,0.8755,1.033
pair64,1048576,0.10,0.90,pivot_first,0.8416,1.033
pair64,1048576,0.10,0.90,ninther_first,0.8377,1.094
pair64,1048576,0.50,0.10,ref,5.4684,1.000
pair64,1048576,0.50,0.10,exact,0.9280,1.000
pair64,1048576,0.50,0.10,two_phase,0.7400,1.096
pair64,1048576,0.50,0.10,pivot_first,0.7306,1.096
pair64,1048576,0.50,0.10,ninther_first,0.9322,1.000
pair64,1048576,0.50,0.50,ref,10.2837,1.000
pair64,1048576,0.50,0.50,exact,1.9596,1.000
pair64,1048576,0.50,0.50,two_phase,0.8904,0.993
pair64,1048576,0.50,0.50,pivot_first,0.8059,0.993
pair64,1048576,0.50,0.50,ninther_first,1.9570,1.000
pair64,1048576,0.50,0.90,ref,14.8553,1.000
pair64,1048576,0.50,0.90,exact,3.1726,1.000
pair64,1048576,0.50,0.90,two_phase,1.0250,0.979
pair64,1048576,0.50,0.90,pivot_first,0.8948,0.979
pair64,1048576,0.50,0.90,ninther_first,0.9274,1.172
pair64,1048576,0.90,0.10,ref,32.2013,1.000
pair64,1048576,0.90,0.10,exact,0.9250,1.000
pair64,1048576,0.90,0.10,two_phase,0.7350,0.876
pair64,1048576,0.90,0.10,pivot_first,0.7373,0.876
pair64,1048576,0.90,0.10,ninther_first,0.9252,1.000
pair64,1048576,0.90,0.50,ref,62.4881,1.000
pair64,1048576,0.90,0.50,exact,2.3369,1.000
pair64,1048576,0.90,0.50,two_phase,0.9259,1.083
pair64,1048576,0.90,0.50,pivot_first,0.8205,1.083
pair64,1048576,0.90,0.50,ninther_first,2.3463,1.000
pair64,1048576,0.90,0.90,ref,52.3559,1.000
pair64,1048576,0.90,0.90,exact,3.0604,1.000
pair64,1048576,0.90,0.90,two_phase,1.0580,1.054
pair64,1048576,0.90,0.90,pivot_first,0.9311,1.054
pair64,1048576,0.90,0.90,ninther_first,0.7909,0.518
pair64,4194304,0.10,0.10,ref,8.3618,1.000
pair64,4194304,0.10,0.10,exact,1.1914,1.000
pair64,4194304,0.10,0.10,two_phase,0.9654,0.973
pair64,4194304,0.10,0.10,pivot_first,0.8966,0.973
pair64,4194304,0.10,0.10,ninther_first,1.1918,1.000
pair64,4194304,0.10,0.50,ref,7.8008,1.000
pair64,4194304,0.10,0.50,exact,2.1176,1.000
pair64,4194304,0.10,0.50,two_phase,1.1783,1.029
pair64,4194304,0.10,0.50,pivot_first,1.0661,1.029
pair64,4194304,0.10,0.50,ninther_first,1.1182,1.462
pair64,4194304,0.10,0.90,ref,7.6900,1.000
pair64,4194304,0.10,0.90,exact,2.8726,1.000
pair64,4194304,0.10,0.90,two_phase,1.2312,0.917
pair64,4194304,0.10,0.90,pivot_first,1.1170,0.917
pair64,4194304,0.10,0.90,ninther_first,1.1544,1.229
pair64,4194304,0.50,0.10,ref,9.8041,1.000
pair64,4194304,0.50,0.10,exact,1.1366,1.000
pair64,4194304,0.50,0.10,two_phase,0.9630,1.082
pair64,4194304,0.50,0.10,pivot_first,0.9055,1.082
pair64,4194304,0.50,0.10,ninther_first,1.1304,1.000
pair64,4194304,0.50,0.50,ref,4.4494,1.000
pair64,4194304,0.50,0.50,exact,2.8113,1.000
pair64,4194304,0.50,0.50,two_phase,1.4029,1.121
pair64,4194304,0.50,0.50,pivot_first,1.1600,1.121
pair64,4194304,0.50,0.50,ninther_first,1.2099,1.294
pair64,4194304,0.50,0.90,ref,12.5755,1.000
pair64,4194304,0.50,0.90,exact,4.4206,1.000
pair64,4194304,0.50,0.90,two_phase,1.6830,0.996
pair64,4194304,0.50,0.90,pivot_first,1.3584,0.996
pair64,4194304,0.50,0.90,ninther_first,1.3914,1.063
pair64,4194304,0.90,0.10,ref,18.2293,1.000
pair64,4194304,0.90,0.10,exact,1.1399,1.000
pair64,4194304,0.90,0.10,two_phase,0.9631,1.269
pair64,4194304,0.90,0.10,pivot_first,0.9052,1.269
pair64,4194304,0.90,0.10,ninther_first,1.1371,1.000
pair64,4194304,0.90,0.50,ref,66.1823,1.000
pair64,4194304,0.90,0.50,exact,2.7687,1.000
pair64,4194304,0.90,0.50,two_phase,1.2724,0.947
pair64,4194304,0.90,0.50,pivot_first,1.0623,0.947
pair64,4194304,0.90,0.50,ninther_first,2.7625,1.000
pair64,4194304,0.90,0.90,ref,39.2554,1.000
pair64,4194304,0.90,0.90,exact,3.8256,1.000
pair64,4194304,0.90,0.90,two_phase,1.6200,0.985
pair64,4194304,0.90,0.90,pivot_first,1.2641,0.985
pair64,4194304,0.90,0.90,ninther_first,1.1679,0.778
